255 255 255 255 255 255 255 255 255 255 255 255 255 255 255 255 255 255 255 255 255 255 255 255 255 255 255 255 255 255 255 255 255 255 255 255 255 255 255 255 255 255 255 255 255 255 255 255 255 255 255 255 255 255 255 255 255 255 255 255 255 255 255 255 255 255 255 255 255 255 255 255 255 255 255 255 255 255 255 255 255 255 255 255 255 255 255 255 255 255 255 255 255 255 255 255 255 255 255 255 255 255 255 255 255 
255 255 255 255 255 255 255 255 255 255 255 255 255 255 255 255 255 255 255 255 255 255 255 255 255 255 255 255 255 255 255 255 255 255 255 255 255 255 255 255 255 255 255 255 255 255 255 255 255 255 255 255 255 255 255 255 255 255 255 255 255 255 255 255 255 255 255 255 255 255 255 255 255 255 255 255 255 255 255 255 255 255 255 255 255 255 255 255 255 255 255 255 255 255 255 255 255 255 255 255 255 255 255 255 255 
255 255 255 255 255 255 255 255 255 255 255 255 255 255 255 255 255 255 255 255 255 255 255 255 255 255 255 255 255 255 255 255 255 255 255 255 255 255 255 255 255 255 255 255 255 255 255 255 255 255 255 255 255 255 255 255 255 255 255 255 255 255 255 255 255 255 255 255 255 255 255 255 255 255 255 255 255 255 255 255 255 255 255 255 255 255 255 255 255 255 255 255 255 255 255 255 255 255 255 255 255 255 255 255 255 
255 255 255 255 253 252 252 252 252 252 252 252 252 252 252 252 252 252 252 252 252 252 252 252 252 252 252 252 252 252 252 252 252 252 252 252 252 252 252 252 254 255 255 254 253 252 252 252 253 254 255 255 255 253 252 252 252 252 252 252 252 252 252 252 252 252 252 252 252 252 252 252 252 252 252 252 252 252 252 252 252 252 252 252 252 252 252 252 252 252 252 252 252 252 252 252 252 252 252 252 254 255 255 255 255 
255 255 255 251 219 195 194 194 194 194 194 194 194 194 194 194 194 194 194 194 194 194 194 194 194 194 194 194 194 194 194 194 194 194 194 194 194 193 191 207 245 253 240 214 194 181 173 174 190 217 241 252 253 232 200 192 191 191 191 191 191 191 191 191 191 191 191 191 191 191 191 191 191 191 191 191 191 191 191 191 191 191 191 191 191 188 188 192 198 200 199 197 198 193 186 189 184 181 185 196 230 254 255 255 255 
255 255 255 247 174 119 117 117 117 117 117 117 117 117 117 117 117 117 117 117 117 117 117 117 117 117 117 117 117 117 117 117 117 117 117 117 117 117 139 201 242 216 143 84 64 56 52 53 64 90 136 193 236 235 188 137 113 110 110 110 110 110 110 110 110 110 110 110 110 110 110 110 110 110 110 110 110 110 110 110 110 110 110 110 109 103 103 111 126 130 128 124 126 115 98 104 93 87 96 121 199 252 255 255 255 
255 255 255 246 169 111 108 108 108 108 108 108 108 108 108 108 108 108 108 108 108 108 108 108 108 108 108 108 108 108 108 108 108 108 108 108 111 139 205 238 195 108 51 35 33 32 32 32 33 36 44 72 134 208 238 203 131 102 101 101 101 101 101 101 101 101 101 101 101 101 101 101 101 101 101 101 101 101 101 101 101 101 101 101 100 93 93 102 118 123 120 116 118 106 88 95 83 77 86 112 195 252 255 255 255 
255 255 255 246 169 111 108 108 108 108 108 108 108 108 108 108 108 108 108 108 108 108 108 108 108 108 108 108 108 108 108 108 108 108 108 111 140 207 236 179 90 46 38 35 32 32 31 31 31 32 34 36 46 95 188 239 189 116 100 100 100 100 100 100 100 100 100 100 100 100 100 100 100 100 100 100 100 100 100 100 100 100 100 100 99 93 93 102 118 123 120 116 118 106 88 95 83 77 86 112 195 252 255 255 255 
255 255 255 246 169 111 108 108 108 108 108 108 108 108 108 108 108 108 108 108 108 108 108 108 108 108 108 108 108 108 108 108 108 108 109 134 206 238 176 82 47 39 36 35 34 34 32 31 30 32 33 33 34 39 89 200 232 156 100 95 95 95 95 95 95 95 95 95 95 95 95 95 95 95 95 95 95 95 95 95 95 95 95 95 96 93 93 102 118 123 120 116 118 106 88 95 83 77 86 112 195 252 255 255 255 
255 255 255 246 167 108 105 105 105 105 105 105 105 105 105 105 105 105 105 105 105 105 105 105 105 105 105 105 105 105 105 105 105 105 118 185 239 188 87 44 35 34 37 36 32 32 33 33 30 32 33 32 32 32 42 120 227 212 124 95 94 94 94 94 94 94 94 94 94 94 94 94 94 94 94 94 94 94 94 94 94 94 94 95 97 94 93 102 118 123 120 116 118 106 88 95 83 77 86 112 195 252 255 255 255 
255 255 255 246 166 105 103 103 103 103 103 103 103 103 103 103 103 103 103 103 103 103 103 103 103 103 103 103 103 103 103 103 103 108 161 232 207 102 50 44 42 53 73 65 49 44 39 34 31 30 30 30 31 31 34 61 175 237 162 99 94 94 94 94 94 94 94 94 94 94 94 94 94 94 94 94 94 94 94 94 94 94 95 97 98 94 93 102 118 123 120 116 118 106 88 95 83 77 86 112 195 252 255 255 255 
255 255 255 246 164 103 100 100 100 100 100 100 100 100 100 100 100 100 100 100 100 100 100 100 100 100 100 100 100 100 100 100 100 123 209 229 128 53 55 86 102 113 122 119 112 110 92 59 39 31 27 28 30 31 32 38 113 229 200 113 97 97 97 97 97 97 97 97 97 97 97 97 97 97 97 97 97 97 97 97 97 98 100 103 99 94 93 102 118 123 120 116 118 106 88 95 83 77 86 112 195 252 255 255 255 
255 255 255 247 170 113 110 110 110 110 110 110 110 110 110 110 110 110 110 110 110 110 110 110 110 110 110 110 110 110 110 110 120 173 237 187 71 52 108 159 178 183 187 187 182 182 167 132 81 44 31 27 27 29 31 32 74 206 220 121 89 89 89 89 89 89 89 89 89 89 89 89 89 89 89 89 89 89 89 89 89 95 108 108 100 94 93 102 118 123 120 116 118 106 88 95 83 77 86 112 195 252 255 255 255 
255 255 255 248 183 134 131 131 131 131 131 131 131 131 131 131 131 131 131 131 131 131 131 131 131 131 131 131 131 131 131 141 186 236 225 120 47 87 170 201 208 212 216 215 211 206 198 183 147 80 41 30 25 26 28 30 56 182 233 134 80 78 78 78 78 78 78 78 78 78 78 78 78 78 78 78 78 78 78 78 84 104 117 109 100 94 93 102 118 123 120 116 118 106 88 95 83 77 86 112 195 252 255 255 255 
255 255 255 248 181 131 129 129 129 129 129 129 129 129 129 129 129 129 129 129 129 129 129 129 129 129 129 129 129 129 134 179 236 227 143 56 46 126 191 207 213 219 222 222 218 209 199 189 173 122 57 35 26 23 25 29 43 153 238 155 84 80 80 80 80 80 80 80 80 80 80 80 80 80 80 80 80 80 82 91 108 119 120 109 100 94 93 102 118 123 120 116 118 106 88 95 83 77 86 112 195 252 255 255 255 
255 255 255 247 177 125 123 123 123 123 123 123 123 123 123 123 123 123 123 123 123 123 123 123 123 123 123 123 123 123 148 222 227 134 54 31 58 140 172 180 193 208 216 210 196 184 169 165 164 140 78 38 29 24 23 27 35 129 237 174 87 78 78 78 78 78 78 78 78 78 78 78 78 78 78 78 78 81 97 122 129 123 120 109 100 94 93 102 118 123 120 116 118 106 88 95 83 77 86 112 195 252 255 255 255 
255 255 255 246 161 97 94 94 94 94 94 94 94 94 94 94 94 94 94 94 94 94 94 94 94 94 94 94 94 98 162 238 169 55 28 29 60 104 103 111 130 160 177 155 124 109 91 94 110 119 90 43 31 28 23 24 32 116 234 176 75 64 64 64 64 64 64 64 64 64 64 64 64 64 68 70 64 73 104 133 132 124 120 109 100 94 93 102 118 123 120 116 118 106 88 95 83 77 86 112 195 252 255 255 255 
255 255 255 244 149 78 74 74 74 74 74 74 74 74 74 74 74 74 74 74 74 74 74 74 74 74 74 74 74 84 176 233 117 32 27 30 55 73 66 66 77 111 136 108 73 60 53 55 64 75 71 45 30 31 27 24 30 111 232 179 81 70 70 70 70 70 70 70 70 70 70 70 70 71 84 81 62 72 104 133 132 124 120 109 100 94 93 102 118 123 120 116 118 106 88 95 83 77 86 112 195 252 255 255 255 
255 255 255 244 149 78 75 75 75 75 75 75 75 75 75 75 75 75 75 75 75 75 75 75 75 75 75 75 75 85 180 228 103 29 26 31 59 70 69 62 58 93 138 102 60 53 57 53 51 58 58 46 31 28 30 25 27 105 231 197 105 90 90 90 90 90 90 90 90 90 90 90 87 85 96 85 62 72 104 133 132 124 120 109 100 94 93 102 118 123 120 116 118 106 88 95 83 77 86 112 195 252 255 255 255 
255 255 255 246 161 91 86 87 92 95 96 97 97 97 97 97 97 96 96 96 96 96 96 96 96 96 96 96 96 103 182 235 129 35 25 32 71 90 104 87 68 91 134 107 75 77 95 78 63 65 73 63 39 25 27 27 27 90 224 211 113 91 91 91 91 91 91 91 91 91 92 93 87 84 97 85 62 72 104 133 132 124 120 109 100 94 93 102 118 123 120 116 118 106 88 95 83 77 86 112 195 252 255 255 255 
255 255 255 248 164 73 63 67 80 99 112 113 113 113 113 113 113 110 106 105 106 107 107 107 107 107 107 107 107 110 160 237 188 64 27 35 78 93 85 73 59 55 62 60 59 66 81 79 69 75 94 83 52 28 22 26 27 75 213 213 112 88 88 88 88 88 88 88 88 88 94 97 87 83 97 85 62 72 104 133 132 124 120 109 100 94 93 102 118 123 120 116 118 106 88 95 83 77 86 112 195 252 255 255 255 
255 255 255 249 164 65 54 59 71 97 120 122 122 122 122 122 124 120 108 98 106 118 119 119 119 119 119 119 119 120 139 215 233 124 42 41 50 51 47 45 43 42 41 40 39 40 41 42 41 44 53 56 50 32 20 22 25 64 202 224 128 95 95 95 95 95 95 95 95 99 106 102 87 83 97 85 62 72 104 133 132 124 120 109 100 94 93 102 118 123 120 116 118 106 88 95 83 77 86 112 195 252 255 255 255 
255 255 255 249 164 65 54 59 71 98 121 123 123 123 123 123 125 121 106 82 86 107 105 105 105 105 105 105 105 105 113 190 242 148 52 44 43 43 43 42 41 40 38 37 37 37 36 36 34 33 32 31 33 29 21 19 23 54 190 229 123 79 78 78 78 78 79 86 90 100 110 102 87 83 97 85 62 72 104 133 132 124 120 109 100 94 93 102 118 123 120 116 118 106 88 95 83 77 86 112 195 252 255 255 255 
255 255 255 249 164 65 54 59 71 98 121 123 123 123 123 123 125 121 106 80 80 97 91 98 100 100 100 100 100 100 106 180 241 151 50 37 38 41 41 38 37 37 34 33 33 34 34 35 34 34 32 30 27 26 25 21 21 49 184 226 110 61 60 60 60 62 73 99 97 98 111 102 87 83 97 85 62 72 104 133 132 124 120 109 100 94 93 102 118 123 120 116 118 106 88 95 83 77 86 112 195 252 255 255 255 
255 255 255 249 164 65 54 59 71 98 121 123 123 123 123 123 125 121 106 80 80 98 96 123 129 123 123 123 123 123 124 167 238 183 58 36 40 40 36 35 34 33 31 29 28 28 29 29 30 31 32 31 28 25 25 24 22 60 195 223 114 73 73 72 70 70 87 114 102 98 111 102 87 83 97 85 62 72 104 133 132 124 120 109 100 94 93 102 118 123 120 116 118 106 88 95 83 77 86 112 195 252 255 255 255 
255 255 255 249 164 65 54 59 71 98 121 123 123 123 123 123 125 121 106 80 80 98 97 132 137 118 111 109 109 109 109 139 226 210 84 43 41 36 33 33 32 30 28 27 26 26 24 24 24 24 24 25 25 24 24 24 28 105 228 209 114 93 94 94 82 77 90 115 102 98 111 102 87 83 97 85 62 72 104 133 132 124 120 109 100 94 93 102 118 123 120 116 118 106 88 95 83 77 86 112 195 252 255 255 255 
255 255 255 249 164 65 54 59 71 98 121 123 123 123 123 123 125 121 106 80 80 98 97 133 147 132 117 105 103 104 104 118 199 234 132 50 37 33 32 32 30 28 27 27 27 27 26 25 24 22 21 20 21 21 22 22 27 100 224 214 120 97 108 105 83 77 90 115 102 98 111 102 87 83 97 85 62 72 104 133 132 124 120 109 100 94 93 102 118 123 120 116 118 106 88 95 83 77 86 112 195 252 255 255 255 
255 255 255 249 164 65 54 59 71 98 121 123 123 123 123 123 125 121 106 80 80 98 97 133 149 139 126 111 110 116 118 122 170 237 199 84 37 32 31 31 29 28 28 28 28 27 27 26 24 23 21 20 19 19 19 20 21 51 179 231 132 93 126 111 83 77 90 115 102 98 111 102 87 83 97 85 62 72 104 133 132 124 120 109 100 94 93 102 118 123 120 116 118 106 88 95 83 77 86 112 195 252 255 255 255 
255 255 255 249 164 65 54 59 71 98 121 123 123 123 123 123 125 121 106 80 80 98 97 133 149 139 128 113 109 121 124 128 144 206 239 156 54 33 32 31 29 28 27 27 26 24 24 24 23 21 20 19 18 18 18 18 19 30 140 235 155 118 144 115 86 78 90 115 102 98 111 102 87 83 97 85 62 72 104 133 132 124 120 109 100 94 93 102 118 123 120 116 118 106 88 95 83 77 86 112 195 252 255 255 255 
255 255 255 249 164 65 54 59 71 98 121 123 123 123 123 123 125 121 106 80 80 98 97 133 149 139 128 113 107 114 107 106 120 162 231 222 108 40 33 31 29 27 26 25 23 22 22 22 21 20 19 19 19 18 18 17 17 26 129 240 221 199 194 172 150 124 110 119 102 98 111 102 87 83 97 85 62 72 104 133 132 124 120 109 100 94 93 102 118 123 120 116 118 106 88 95 83 77 86 112 195 252 255 255 255 
255 255 255 249 164 65 54 59 71 98 121 123 123 123 123 123 125 121 106 80 80 98 97 133 149 139 128 113 107 113 102 99 131 177 232 247 172 59 35 33 31 29 26 25 23 22 22 22 21 20 19 19 19 18 17 17 17 26 108 192 220 239 244 241 237 226 202 170 124 108 114 105 88 84 97 85 62 72 104 133 132 124 120 109 100 94 93 102 118 123 120 116 118 106 88 95 83 77 86 112 195 252 255 255 255 
255 255 255 249 164 65 54 59 71 98 121 123 123 123 123 123 125 121 106 80 80 98 97 134 149 141 131 119 116 122 123 156 213 238 230 198 140 59 37 36 34 31 29 27 25 24 24 23 22 21 21 20 19 18 17 18 19 22 38 58 87 134 164 157 157 190 227 237 213 187 174 162 135 115 111 89 62 72 104 133 132 124 120 109 100 94 93 102 118 123 120 116 118 106 88 95 83 77 86 112 195 252 255 255 255 
255 255 255 249 164 65 54 59 71 98 121 123 123 123 123 123 125 121 111 96 108 135 138 165 177 180 182 186 193 197 208 234 226 176 116 75 53 41 38 37 36 34 31 30 29 28 26 26 25 24 22 20 18 18 19 20 21 23 24 25 27 37 47 43 40 59 109 177 219 235 240 240 232 217 196 148 92 78 105 133 132 124 120 109 100 94 93 102 118 123 120 116 118 106 88 95 83 77 86 112 195 252 255 255 255 
255 255 255 249 164 65 54 59 71 98 121 123 123 123 123 124 131 147 169 191 212 230 232 237 239 242 242 240 237 234 230 191 117 64 44 39 38 38 38 38 37 35 33 32 31 30 28 27 26 23 20 19 19 21 21 22 24 26 28 28 27 28 30 30 28 29 35 58 94 127 153 170 188 211 232 233 197 142 121 134 132 124 120 109 100 94 93 102 118 123 120 116 118 106 88 95 83 77 86 112 195 252 255 255 255 
255 255 255 249 164 65 54 59 71 98 121 123 123 123 124 140 183 222 238 230 213 201 195 194 192 182 163 143 127 119 110 76 45 38 37 37 36 34 37 38 37 35 32 32 31 29 26 24 22 20 20 20 23 23 21 23 26 28 30 31 28 28 30 31 30 30 32 35 40 45 50 56 66 85 123 179 228 231 195 161 138 125 120 109 100 94 93 102 118 123 120 116 118 106 88 95 83 77 86 112 195 252 255 255 255 
255 255 255 249 164 65 54 59 71 98 121 123 123 124 141 197 239 223 172 117 85 71 68 69 69 64 56 50 45 43 41 38 36 36 36 36 35 34 35 36 34 31 29 29 27 25 23 21 20 21 22 25 26 23 22 25 28 30 32 33 28 27 30 29 27 30 34 35 37 38 39 40 41 42 47 69 127 203 239 227 191 162 145 126 110 100 96 103 118 123 120 116 118 106 88 95 83 77 86 112 195 252 255 255 255 
255 255 255 249 164 65 54 59 71 97 120 122 122 135 194 239 201 115 63 43 37 36 37 40 41 41 41 40 38 37 35 35 35 35 34 34 35 34 34 34 32 29 27 26 24 23 22 21 21 23 26 27 25 22 24 27 29 30 33 35 28 26 28 26 28 32 34 35 36 37 38 38 39 40 41 43 52 91 163 222 240 237 226 211 193 176 151 131 129 126 122 117 118 106 88 95 83 77 86 112 195 252 255 255 255 
255 255 255 249 164 65 54 59 71 97 119 119 123 169 236 210 107 50 40 36 34 33 33 37 38 37 37 37 35 34 34 33 33 33 34 33 34 34 32 31 30 28 26 25 24 23 22 23 24 27 27 25 22 23 26 27 30 30 33 35 28 25 24 27 31 32 32 33 34 35 36 36 36 37 38 40 42 45 62 107 158 191 212 224 234 239 236 220 202 182 163 142 134 116 98 101 85 77 86 112 195 252 255 255 255 
255 255 255 249 164 65 54 59 71 99 125 125 143 213 232 135 56 42 38 35 32 30 30 34 34 35 34 34 33 32 32 31 32 32 32 33 34 34 32 30 30 29 27 24 24 23 23 24 25 25 24 22 21 24 27 28 30 30 32 34 28 23 24 29 31 31 31 31 32 33 34 34 34 34 37 39 39 40 40 44 54 68 84 101 120 145 176 210 232 240 237 225 214 196 185 175 136 101 91 112 195 252 255 255 255 
255 255 255 249 164 65 54 59 71 101 141 157 196 241 189 79 47 43 39 34 30 28 28 30 31 32 32 32 31 31 30 30 30 31 31 33 35 35 32 31 30 30 27 24 24 23 23 23 23 23 22 21 22 26 27 28 30 29 31 31 27 23 26 29 30 31 30 31 31 31 31 32 31 33 36 37 37 37 37 38 39 41 42 44 46 51 62 86 118 153 187 212 228 234 237 239 231 199 150 128 196 252 255 255 255 
255 255 255 249 164 65 54 59 71 102 153 200 239 226 123 53 44 41 38 33 28 27 27 28 29 30 31 31 30 29 29 28 29 29 31 32 34 34 33 33 33 32 28 25 24 23 23 22 22 22 22 22 24 27 26 28 30 28 29 29 26 25 26 27 29 30 29 30 29 29 29 29 30 32 34 35 34 35 36 37 39 39 40 41 42 42 42 43 47 54 67 85 106 118 126 147 187 229 232 195 213 253 255 255 255 
255 255 255 249 164 65 54 62 88 140 201 239 237 158 67 44 41 38 36 32 27 26 34 44 48 52 55 55 59 60 59 59 57 52 45 38 35 34 33 34 36 35 28 25 24 23 23 22 22 23 23 23 26 26 26 29 30 27 28 27 26 26 25 26 28 28 27 28 27 27 27 27 28 31 32 32 33 35 35 37 38 38 39 40 40 40 40 41 41 41 40 40 41 42 43 47 68 126 207 242 246 254 255 255 255 
255 255 255 249 164 66 66 114 182 227 241 224 162 79 47 41 38 36 34 32 31 56 122 167 176 182 187 185 193 197 196 196 193 183 162 116 59 36 33 35 37 36 28 25 24 24 24 23 23 24 24 24 26 24 26 30 30 26 27 27 28 27 24 25 27 26 26 25 25 24 24 25 26 30 31 31 32 34 35 36 36 37 38 39 40 40 39 39 38 37 36 36 35 35 36 36 37 46 99 196 249 255 255 255 255 
255 255 255 249 164 77 137 217 232 200 156 111 67 47 42 40 37 35 35 45 91 169 231 243 236 231 232 231 233 228 226 231 235 235 243 225 121 40 32 34 37 35 29 26 25 24 24 24 25 25 24 24 24 23 27 30 30 26 26 27 28 25 23 25 26 25 24 23 23 22 23 24 27 29 30 30 32 33 34 35 35 37 39 40 41 40 38 37 36 35 34 33 33 33 33 33 33 34 40 97 208 253 255 255 255 
255 255 255 249 169 125 216 222 144 80 52 44 41 38 36 37 36 36 43 113 210 238 213 174 159 139 138 137 144 111 101 132 151 156 215 239 128 40 31 33 37 34 29 26 25 25 24 24 24 24 23 23 21 23 28 30 30 26 26 26 27 23 23 25 25 24 23 22 22 21 22 23 26 28 28 29 31 33 34 34 36 39 41 44 48 44 37 35 34 33 32 32 32 31 31 31 31 31 31 43 132 237 255 255 255 
255 255 255 250 201 199 237 150 59 40 37 37 37 34 32 32 33 35 60 181 241 190 138 113 118 99 98 97 105 62 49 90 115 117 193 235 119 38 30 32 37 34 30 26 25 25 24 24 24 23 22 21 20 24 29 30 29 26 26 26 25 22 24 25 25 23 21 21 20 20 21 22 24 25 26 27 30 32 34 37 40 42 47 59 61 45 35 33 32 31 31 31 30 29 29 29 29 29 30 31 72 200 253 255 255 
255 255 255 254 243 246 229 106 41 37 35 35 35 33 31 30 31 33 59 185 238 160 114 110 116 99 97 97 105 61 49 88 111 121 201 233 113 39 34 33 37 35 31 27 25 24 24 24 23 23 21 19 19 26 30 31 30 26 25 25 23 21 23 24 23 22 21 21 21 21 22 22 23 24 25 27 30 34 38 40 41 44 59 68 50 36 32 31 30 30 30 29 29 28 28 27 27 28 28 29 54 180 252 255 255 
255 255 255 251 236 224 197 92 40 36 35 34 34 33 32 30 30 32 52 174 242 160 98 98 104 98 97 97 105 64 61 89 99 119 212 229 104 42 44 34 36 36 32 27 25 24 24 24 23 22 21 19 20 27 29 30 29 25 24 24 22 21 22 22 22 21 21 21 21 21 22 24 26 28 31 34 35 37 39 40 44 51 56 48 35 31 31 30 30 29 28 27 27 27 27 27 27 28 28 32 83 208 254 255 255 
255 255 255 246 209 188 175 101 42 36 35 35 34 33 31 30 30 32 51 173 242 160 97 94 95 98 96 97 106 74 78 86 87 110 212 226 98 43 45 33 36 36 32 27 25 24 24 24 23 22 19 18 22 27 29 30 28 24 24 23 23 21 21 21 21 22 22 23 23 26 31 34 35 35 36 37 37 38 41 45 47 43 36 32 30 29 28 28 28 27 26 25 26 26 26 27 28 28 35 76 174 244 255 255 255 
255 255 255 253 244 239 237 175 72 39 35 35 35 33 31 30 31 33 56 180 238 152 98 96 96 97 96 97 103 82 79 79 80 103 210 224 95 40 37 29 35 35 32 27 25 25 24 23 22 20 18 17 23 27 29 30 28 24 23 23 23 20 21 22 24 28 30 31 32 36 37 36 34 34 35 36 44 48 46 42 35 30 29 29 29 28 27 26 25 25 25 25 25 25 26 27 32 53 110 192 244 255 255 255 255 
255 255 255 254 242 234 242 237 175 98 61 56 63 62 38 30 32 41 100 214 225 139 108 108 108 108 105 95 88 81 80 80 80 104 210 224 95 35 26 25 34 35 31 27 25 24 23 23 21 19 17 18 24 27 29 30 28 24 23 23 24 22 24 27 30 32 33 33 33 33 33 33 34 48 67 64 62 53 39 31 27 26 26 27 27 27 26 25 25 25 25 26 26 26 29 48 96 166 223 237 241 254 255 255 255 
255 255 255 251 211 184 192 217 236 218 187 180 183 127 47 31 46 111 203 238 186 122 111 111 111 111 107 92 86 85 85 85 85 109 211 225 97 33 22 24 32 34 30 27 25 24 23 23 21 18 17 20 25 28 29 30 27 23 23 25 28 29 31 31 31 31 31 31 31 29 28 34 53 90 112 85 48 33 28 27 26 26 25 24 25 25 25 25 25 25 26 27 29 43 88 158 217 236 210 158 195 252 255 255 255 
255 255 255 250 204 172 158 137 161 210 236 249 197 82 40 58 130 217 235 190 131 112 111 111 111 111 105 95 93 93 93 93 93 115 213 228 101 32 22 23 31 33 30 28 26 24 24 22 20 18 18 22 27 28 29 29 27 24 26 29 32 32 32 31 30 30 31 30 31 29 31 58 95 108 89 53 29 25 26 26 25 25 24 24 24 25 25 26 26 27 31 42 79 147 212 234 214 166 113 90 177 251 255 255 255 
255 255 255 250 204 172 155 108 84 104 173 242 177 76 104 174 229 232 169 122 112 111 111 111 111 112 111 106 104 104 104 104 104 120 206 232 110 32 21 22 29 33 31 29 26 24 23 22 20 18 19 23 27 28 29 30 29 30 32 32 31 30 30 29 29 29 29 29 29 30 48 86 93 68 42 28 23 24 26 25 25 25 25 25 25 27 33 44 58 79 109 152 205 234 215 162 123 99 82 82 177 251 255 255 255 
255 255 255 250 204 172 155 107 74 75 137 229 225 188 221 238 215 165 110 104 111 111 111 113 118 116 125 111 96 91 91 91 91 100 186 236 124 33 21 22 28 33 32 30 27 24 22 21 19 18 19 25 27 28 29 31 33 34 33 32 30 29 29 29 29 29 29 28 28 31 50 64 46 30 24 23 22 24 26 25 24 26 31 38 52 80 122 165 192 214 230 237 219 163 103 82 92 92 81 82 177 251 255 255 255 
255 255 255 250 204 172 155 107 74 75 113 178 228 237 222 171 130 117 100 103 111 111 113 128 142 121 130 121 103 86 78 78 78 85 164 239 151 39 22 22 27 32 31 30 27 24 22 21 19 19 21 26 27 28 30 33 35 35 31 30 29 29 29 28 28 27 27 27 27 28 31 29 22 21 22 22 21 22 26 33 54 83 112 147 180 212 234 239 231 216 194 164 121 72 55 70 91 92 81 82 177 251 255 255 255 
255 255 255 250 204 172 155 107 74 75 103 124 144 145 139 109 101 111 100 103 111 112 118 144 153 122 131 124 111 87 70 85 96 100 164 239 153 43 26 22 26 31 31 29 26 23 21 20 19 19 22 27 27 28 31 35 35 32 29 28 28 28 28 28 28 26 25 24 25 25 25 24 22 21 22 21 20 28 59 120 180 216 232 237 233 219 199 164 139 118 105 98 82 59 53 70 91 92 81 82 177 251 255 255 255 
255 255 255 250 204 172 155 107 74 75 103 114 105 86 107 102 100 111 100 103 114 119 121 147 154 122 131 124 111 85 62 81 111 128 192 240 139 46 31 23 26 31 31 29 26 23 21 20 19 20 25 27 27 28 33 35 33 30 28 28 28 27 27 27 27 26 24 22 23 23 23 24 22 23 25 40 72 122 184 231 239 222 191 157 142 133 130 107 98 91 90 93 81 59 53 70 91 92 81 82 177 251 255 255 255 
255 255 255 250 204 172 155 107 74 75 103 114 104 84 106 102 100 111 100 106 123 126 123 147 154 122 131 124 111 85 59 54 66 105 197 236 120 35 26 23 26 30 31 29 26 22 20 20 20 22 26 27 27 28 33 36 32 30 29 29 29 27 26 26 26 26 25 23 21 22 23 23 22 23 45 141 210 233 232 211 176 144 109 83 92 109 120 104 97 91 90 93 81 59 53 70 91 92 81 82 177 251 255 255 255 
255 255 255 250 204 172 155 107 74 75 103 114 104 84 106 102 100 112 105 117 130 127 123 147 154 122 131 124 111 86 63 64 82 132 218 229 101 27 23 24 26 29 31 29 25 22 20 20 21 23 27 27 27 29 33 36 33 31 29 29 28 28 27 26 26 26 26 23 22 22 23 22 22 23 53 183 245 194 140 130 129 122 97 78 90 109 120 104 97 91 90 93 81 59 53 70 91 92 81 82 177 251 255 255 255 
255 255 255 250 204 172 155 107 74 75 103 114 104 84 106 102 100 115 121 128 131 127 123 147 154 122 131 129 127 126 137 169 203 228 234 181 67 25 24 25 26 29 31 29 25 22 20 20 22 26 28 27 27 29 32 34 34 32 30 27 28 29 29 27 25 25 25 23 23 23 22 21 21 23 38 150 239 163 86 97 119 121 97 78 90 109 120 104 97 91 90 93 81 59 53 70 91 92 81 82 177 251 255 255 255 
255 255 255 250 204 172 155 107 74 75 103 114 104 84 106 103 104 123 130 131 131 127 123 147 156 132 158 184 209 224 234 230 211 182 134 74 35 26 25 25 26 29 31 29 25 22 20 21 23 28 29 27 27 29 32 32 34 33 32 29 27 29 30 28 23 22 23 23 23 22 21 20 21 22 26 99 221 217 128 91 101 111 99 80 90 108 120 104 97 91 90 93 81 59 53 70 91 92 81 82 177 251 255 255 255 
255 255 255 250 204 172 155 107 74 75 103 114 103 84 107 111 119 130 131 131 131 127 124 155 188 200 229 240 228 197 159 119 83 60 43 35 31 27 25 25 27 28 30 29 26 22 21 22 25 29 29 27 27 29 31 31 33 33 34 31 26 26 29 26 22 21 21 21 21 20 19 19 20 20 21 43 146 235 203 127 106 107 103 91 96 110 120 104 97 91 90 93 81 59 53 70 91 92 81 82 177 251 255 255 255 
255 255 255 250 204 172 155 107 74 75 103 114 104 86 112 127 130 131 131 131 131 133 150 204 240 239 214 166 111 72 51 41 36 34 33 32 31 28 26 26 27 28 30 30 27 23 22 23 26 29 29 26 27 30 31 29 31 33 33 31 24 22 22 21 20 20 20 20 19 18 18 18 19 19 19 22 61 179 237 181 124 116 116 115 116 120 121 104 97 91 90 93 81 59 53 70 91 92 81 82 177 251 255 255 255 
255 255 255 250 204 171 153 110 85 90 111 119 113 108 125 131 131 131 131 132 145 182 222 241 212 146 90 55 41 37 36 35 34 33 33 32 31 29 26 26 27 28 30 30 28 24 23 24 26 29 28 26 27 31 31 27 27 29 29 27 22 19 18 19 20 20 20 19 17 17 17 17 17 18 18 19 26 93 215 224 136 101 101 101 101 101 100 93 92 92 91 93 81 59 53 70 91 92 81 82 177 251 255 255 255 
255 255 255 250 201 159 142 125 120 124 128 129 129 129 131 131 131 131 132 148 200 238 223 166 95 48 35 34 35 35 34 34 34 32 31 31 30 29 26 26 27 28 30 30 29 25 23 24 27 29 28 26 28 31 30 26 24 23 24 24 22 20 22 24 24 23 20 18 18 18 18 17 18 18 19 19 20 41 159 237 168 112 109 109 109 109 109 109 110 110 103 97 81 59 53 70 91 92 81 82 177 251 255 255 255 
255 255 255 248 184 132 126 125 125 125 125 125 125 125 125 125 125 125 139 197 239 198 111 54 34 31 31 33 34 34 33 33 33 32 31 30 30 28 27 27 28 29 30 30 30 26 24 25 27 29 27 26 28 32 29 25 22 19 20 22 23 23 25 27 27 25 24 23 23 23 22 21 21 20 20 20 20 26 108 230 206 132 118 118 118 118 118 118 118 118 114 106 88 64 55 70 91 92 81 82 177 251 255 255 255 
255 255 255 246 165 103 100 100 100 100 100 100 100 100 100 100 100 105 160 235 203 94 38 30 29 29 30 32 33 33 33 32 32 32 31 30 29 28 27 27 27 28 30 31 30 27 25 25 28 30 27 26 29 32 29 25 22 19 19 21 23 24 25 27 27 27 27 27 27 26 26 25 25 23 22 21 21 22 64 200 221 112 71 70 70 70 70 70 70 70 70 69 65 56 48 61 86 91 81 82 177 251 255 255 255 
255 255 255 245 153 85 82 82 82 82 82 82 82 82 82 82 82 101 197 231 123 41 30 29 29 29 30 31 32 32 32 31 31 31 30 30 29 28 28 27 26 27 28 30 31 28 26 27 30 31 27 25 29 32 28 25 22 18 19 23 26 26 27 28 28 28 28 28 28 28 28 27 27 26 24 22 22 22 44 173 232 121 54 51 51 51 51 51 51 51 51 51 51 51 51 55 70 82 79 83 177 251 255 255 255 
255 255 255 244 145 72 68 68 68 68 68 68 68 68 68 68 69 112 221 198 70 31 28 28 28 29 30 31 32 32 31 31 31 31 30 30 29 28 27 26 25 25 25 26 29 29 27 29 31 30 27 26 30 31 27 24 21 19 23 28 29 29 29 28 28 28 28 28 29 29 29 28 28 28 26 24 23 23 39 163 239 144 72 68 68 68 68 68 68 68 68 68 68 68 68 68 69 72 73 82 178 251 255 255 255 
255 255 255 243 134 52 48 48 48 48 48 48 48 48 48 48 51 125 234 170 51 30 29 29 29 29 30 31 31 32 31 31 31 30 30 30 29 28 27 26 25 24 23 23 25 27 29 31 31 29 26 27 32 31 27 24 21 22 29 31 31 31 30 29 29 28 28 28 28 29 29 29 29 29 28 25 23 24 45 174 237 146 88 85 85 85 85 85 85 85 85 85 85 85 85 85 85 85 85 95 185 252 255 255 255 
255 255 255 243 130 46 42 42 42 42 42 42 42 42 42 42 46 130 236 158 46 30 29 29 29 30 31 31 31 31 31 31 31 30 30 29 28 28 27 26 24 23 23 23 23 25 29 31 30 28 27 28 32 31 27 24 22 27 32 32 32 31 31 30 30 29 29 28 28 29 29 29 29 29 28 26 24 24 63 199 221 125 92 91 91 91 91 91 91 91 91 91 91 91 91 91 91 91 91 101 187 252 255 255 255 
255 255 255 243 132 49 45 45 45 45 45 45 45 45 45 45 47 117 230 173 54 31 30 30 30 30 31 31 31 31 31 31 30 29 29 28 27 27 26 26 25 24 24 24 24 25 27 30 30 29 29 31 33 31 27 25 24 30 33 32 32 31 31 31 30 30 29 28 28 28 28 29 29 29 28 26 24 29 104 226 193 100 84 84 84 84 84 84 84 84 84 84 84 84 84 84 84 84 84 94 184 252 255 255 255 
255 255 255 242 129 45 41 41 41 41 41 41 41 41 41 41 41 80 205 213 89 34 31 31 31 31 31 31 31 31 31 30 30 29 28 28 27 27 27 30 37 45 50 48 46 44 44 47 48 33 29 32 34 31 28 25 25 30 32 31 31 31 31 31 30 29 29 28 28 28 27 28 28 28 28 26 25 48 166 238 167 106 102 102 102 102 102 102 102 102 102 102 102 102 102 102 102 102 102 111 192 252 255 255 255 
255 255 255 243 134 53 49 49 49 49 49 49 49 49 49 49 49 62 159 235 161 60 35 32 31 31 31 31 31 31 31 30 29 28 28 28 28 32 50 91 142 170 182 179 174 172 171 172 137 45 27 30 34 31 27 24 25 30 32 31 31 30 30 30 29 28 28 28 27 26 26 26 27 28 28 26 29 95 219 223 142 114 113 113 113 113 113 113 113 113 113 113 113 113 113 113 113 113 113 122 196 252 255 255 255 
255 255 255 244 139 62 58 58 58 58 58 58 58 58 58 58 58 60 100 203 229 151 70 41 36 35 35 36 40 41 40 42 42 41 41 47 68 111 168 217 239 235 230 229 238 250 252 247 165 42 22 24 29 29 26 25 26 30 32 31 29 29 28 28 27 27 26 26 26 25 25 26 27 28 28 28 60 172 238 183 119 111 111 111 111 111 111 111 111 111 111 111 111 111 111 111 111 111 111 119 195 252 255 255 255 
255 255 255 244 140 63 59 59 59 59 59 59 59 59 59 59 59 59 65 121 210 233 185 130 113 114 117 128 146 148 147 155 158 159 160 171 201 229 236 221 193 149 133 157 215 250 246 211 109 30 21 22 23 25 27 28 29 31 32 31 29 28 27 27 26 26 26 26 26 25 26 27 28 29 32 63 153 233 208 126 100 99 99 99 99 99 99 99 99 99 99 99 99 99 99 99 99 99 99 108 191 252 255 255 255 
255 255 255 244 140 63 59 59 59 59 59 59 59 59 59 59 59 59 59 67 115 191 235 236 232 233 234 236 236 236 236 238 238 238 238 237 224 193 156 138 128 102 135 203 238 216 162 105 54 26 22 22 23 26 28 29 30 31 33 32 29 28 26 26 25 25 25 26 26 26 26 29 35 52 98 176 234 219 145 101 97 97 97 97 97 97 97 97 97 97 97 97 97 97 97 97 97 97 97 106 190 252 255 255 255 
255 255 255 244 140 63 59 59 59 59 59 59 59 59 59 59 59 59 59 59 65 96 158 183 174 176 176 163 139 137 143 143 136 130 136 145 129 105 95 102 96 124 215 230 171 99 58 46 38 29 24 22 24 27 29 30 30 31 32 33 30 28 26 25 25 25 25 25 26 26 27 41 106 171 219 234 199 141 103 97 97 97 97 97 97 97 97 97 97 97 97 97 97 97 97 97 97 97 97 106 190 252 255 255 255 
255 255 255 244 140 63 59 59 59 59 59 59 59 59 59 59 59 59 59 59 61 71 101 98 71 75 75 65 54 58 67 68 56 46 56 81 93 90 83 75 90 180 236 153 65 42 39 37 34 32 30 26 25 28 30 31 34 37 50 64 40 28 26 25 25 25 25 25 26 26 27 50 168 245 221 154 110 98 96 96 96 96 96 96 96 96 96 96 96 96 96 96 96 96 96 96 96 96 96 106 189 252 255 255 255 
255 255 255 244 140 63 59 59 59 59 59 59 59 59 59 59 59 59 59 59 61 70 97 89 59 64 64 56 49 54 63 64 52 42 52 78 91 86 76 80 158 234 197 78 32 35 37 35 33 32 32 30 28 31 38 51 71 102 159 170 69 29 26 26 25 25 25 25 25 26 26 35 128 236 189 91 79 84 85 85 85 85 85 85 85 85 85 85 85 85 85 85 85 85 85 85 85 85 85 95 185 252 255 255 255 
255 255 255 244 140 63 59 59 59 59 59 59 59 59 59 59 59 59 59 59 61 70 97 89 59 64 64 56 49 54 63 64 52 42 52 77 84 78 75 107 213 217 104 36 27 31 35 35 34 33 33 33 38 55 92 141 188 221 244 230 113 36 27 26 26 25 25 25 25 25 25 28 83 214 209 99 70 70 70 70 70 70 70 70 70 70 70 70 70 70 70 70 70 70 70 70 70 70 70 81 178 251 255 255 255 
255 255 255 244 140 63 59 59 59 59 59 59 59 59 59 59 59 59 59 59 61 70 97 89 59 64 64 56 49 54 63 64 52 42 55 77 81 79 82 142 234 175 54 30 28 29 34 35 35 35 37 46 77 143 207 234 224 194 202 240 164 49 29 26 26 25 25 25 25 26 26 27 54 181 229 124 68 67 67 67 67 67 67 67 67 67 67 67 67 67 67 67 67 67 67 67 67 67 67 78 177 251 255 255 255 
255 255 255 244 140 63 59 59 59 59 59 59 59 59 59 59 59 59 59 59 61 70 97 89 59 64 64 56 49 54 63 64 52 50 75 91 93 93 98 168 240 159 52 33 30 28 32 37 38 42 56 99 175 231 220 165 112 80 124 230 189 61 31 28 26 25 25 25 25 26 26 27 39 147 237 150 71 65 65 65 65 65 65 65 65 65 65 65 65 65 65 65 65 65 65 65 65 65 65 76 176 251 255 255 255 
255 255 255 244 140 63 59 59 59 59 59 59 59 59 59 59 59 59 59 59 61 70 97 89 59 64 64 56 49 54 63 64 55 71 101 105 106 106 108 158 237 191 87 49 39 35 36 45 53 74 128 203 235 196 119 67 54 60 111 225 198 68 33 29 26 25 25 25 26 26 27 27 34 125 236 171 74 64 64 64 64 64 64 64 64 64 64 64 64 64 64 64 64 64 64 64 64 64 64 75 176 251 255 255 255 
255 255 255 244 140 63 59 59 59 59 59 59 59 59 59 59 59 59 59 59 61 70 97 89 59 64 64 56 49 54 63 64 60 87 106 107 107 107 107 132 215 233 159 93 71 63 66 82 115 168 225 229 168 93 61 53 56 65 98 211 214 83 34 30 27 25 25 25 25 26 26 27 33 118 235 175 72 61 61 61 61 61 61 61 61 61 61 61 61 61 61 61 61 61 61 61 61 61 61 72 175 251 255 255 255 
255 255 255 244 140 63 59 59 59 59 59 59 59 59 59 59 59 59 59 59 61 70 97 89 59 64 64 56 49 54 63 64 65 100 116 116 116 116 116 121 169 234 229 178 144 139 158 188 221 238 213 142 81 59 55 57 66 71 90 195 227 102 36 31 28 26 25 25 25 25 26 27 34 125 236 170 71 61 61 61 61 61 61 61 61 61 61 61 61 61 61 61 61 61 61 61 61 61 61 73 175 251 255 255 255 
255 255 255 244 140 63 59 59 59 59 59 59 59 59 59 59 59 59 59 59 61 70 97 89 59 64 64 56 49 54 63 64 66 104 119 119 119 119 119 119 130 182 230 240 235 235 239 234 213 173 114 72 62 58 56 61 68 70 78 166 235 135 42 31 29 27 26 25 25 26 26 27 36 138 235 148 64 58 58 58 58 58 58 58 58 58 58 58 58 58 58 58 58 58 58 58 58 58 58 70 174 251 255 255 255 
255 255 255 244 140 63 59 59 59 59 59 59 59 59 59 59 59 59 59 59 61 70 97 89 59 64 64 56 49 54 63 64 66 104 119 119 119 119 119 119 120 129 155 180 190 189 177 149 119 96 74 63 62 58 59 66 70 70 73 134 232 181 61 33 31 29 27 26 26 27 27 27 40 152 237 141 64 60 60 60 60 60 60 60 60 60 60 60 60 60 60 60 60 60 60 60 60 60 60 71 174 251 255 255 255 
255 255 255 244 140 63 59 59 59 59 59 59 59 59 59 59 59 59 59 59 61 70 97 89 59 64 64 56 49 54 63 64 66 104 119 119 119 119 119 119 119 119 121 119 111 105 104 100 92 87 73 63 62 58 62 71 72 72 73 101 205 224 106 37 32 29 27 27 27 27 27 28 46 167 237 138 64 61 61 61 61 61 61 61 61 61 61 61 61 61 61 61 61 61 61 61 61 61 61 73 175 251 255 255 255 
255 255 255 244 140 63 59 59 59 59 59 59 59 59 59 59 59 59 59 59 61 70 97 89 59 64 64 56 49 54 63 64 66 104 119 119 119 119 119 119 119 119 120 114 102 96 97 98 92 87 73 63 62 59 67 72 73 73 73 81 156 236 166 54 33 31 28 27 27 28 28 29 54 183 231 124 69 68 68 68 68 68 68 68 68 68 68 68 68 68 68 68 68 68 68 68 68 68 68 79 177 251 255 255 255 
255 255 255 244 140 63 59 59 59 59 59 59 59 59 59 59 59 59 59 59 61 70 97 89 59 64 64 56 49 54 63 64 66 104 119 119 119 119 119 119 119 119 120 114 102 96 97 98 92 87 73 63 62 62 69 72 72 72 72 73 108 214 214 90 36 32 29 28 28 28 28 30 66 198 222 111 70 69 69 69 69 69 69 69 69 69 69 69 69 69 69 69 69 69 69 69 69 69 69 80 178 251 255 255 255 
255 255 255 244 140 63 59 59 59 59 59 59 59 59 59 59 59 59 59 59 61 70 97 89 59 64 64 56 49 54 63 64 66 104 119 119 119 119 119 119 119 119 120 114 102 96 97 98 92 87 73 63 63 66 73 74 74 74 74 74 85 173 235 138 43 32 29 28 28 28 29 31 82 215 206 89 60 60 60 60 60 60 60 60 60 60 60 60 60 60 60 60 60 60 60 60 60 60 60 72 174 251 255 255 255 
255 255 255 244 140 63 59 59 59 59 59 59 59 59 59 59 59 59 59 59 61 70 97 89 59 64 64 56 49 54 63 64 66 104 119 119 119 119 119 119 119 119 120 114 102 96 97 98 92 87 73 63 64 72 76 76 76 76 76 76 79 133 231 186 63 33 30 28 28 28 29 34 107 230 184 71 53 53 53 53 53 53 53 53 53 53 53 53 53 53 53 53 53 53 53 53 53 53 53 65 172 251 255 255 255 
255 255 255 244 140 63 59 59 59 59 59 59 59 59 59 59 59 59 59 59 61 70 97 89 59 64 64 56 49 54 63 64 66 104 119 119 119 119 119 119 119 119 120 114 102 96 97 98 92 87 73 63 67 77 79 79 79 79 79 79 79 105 208 219 92 35 30 28 28 28 29 37 133 236 161 68 60 60 60 60 60 60 60 60 60 60 60 60 60 60 60 60 60 60 60 60 60 60 60 71 174 251 255 255 255 
255 255 255 244 140 63 59 59 59 59 59 59 59 59 59 59 59 59 59 59 61 70 97 89 59 64 64 56 49 54 63 64 66 104 119 119 119 119 119 119 119 119 120 114 102 96 97 98 92 87 73 64 69 74 74 74 74 74 74 74 74 87 184 230 111 37 30 28 28 28 29 43 154 237 145 71 68 68 68 68 68 68 68 68 68 68 68 68 68 68 68 68 68 68 68 68 68 68 68 78 177 251 255 255 255 
255 255 255 244 140 63 59 59 59 59 59 59 59 59 59 59 59 59 59 59 61 70 97 89 59 64 64 56 49 54 63 64 66 104 119 119 119 119 119 119 119 119 120 114 102 96 97 98 92 87 73 69 77 79 79 79 79 79 79 79 79 89 182 234 119 38 30 28 28 28 29 52 177 232 129 71 69 69 69 69 69 69 69 69 69 69 69 69 69 69 69 69 69 69 69 69 69 69 69 80 178 251 255 255 255 
255 255 255 244 140 63 59 59 59 59 59 59 59 59 59 59 59 59 59 59 61 70 97 89 59 64 64 56 49 54 63 64 66 104 119 119 119 119 119 119 119 119 120 114 102 96 97 98 92 87 76 79 84 84 84 84 84 84 84 84 84 94 181 238 132 39 30 28 28 28 30 63 195 225 111 65 64 64 64 64 64 64 64 64 64 64 64 64 64 64 64 64 64 64 64 64 64 64 64 75 176 251 255 255 255 
255 255 255 244 140 63 59 59 59 59 59 59 59 59 59 59 59 59 59 59 61 70 97 89 59 64 64 56 49 54 63 64 66 104 119 119 119 119 119 119 119 119 120 114 102 96 97 98 92 88 87 95 97 98 98 98 98 98 98 98 98 105 181 240 140 41 30 28 28 28 30 72 207 211 94 62 62 62 62 62 62 62 62 62 62 62 62 62 62 62 62 62 62 62 62 62 62 62 62 73 175 251 255 255 255 
255 255 255 244 140 63 59 59 59 59 59 59 59 59 59 59 59 59 59 59 61 70 97 89 59 64 64 56 49 54 63 64 66 104 119 119 119 119 119 119 119 119 120 114 102 96 97 98 92 88 87 90 90 90 90 90 90 90 90 90 90 100 185 237 128 40 31 29 28 28 30 82 216 205 89 62 62 62 62 62 62 62 62 62 62 62 62 62 62 62 62 62 62 62 62 62 62 62 62 74 175 251 255 255 255 
255 255 255 244 140 63 59 59 59 59 59 59 59 59 59 59 59 59 59 59 61 70 97 89 59 64 64 56 49 54 63 64 66 104 119 119 119 119 119 119 119 119 120 114 102 96 97 98 94 93 90 89 89 89 89 89 89 89 89 89 89 99 186 233 117 39 32 29 28 28 32 93 224 205 92 68 68 68 68 68 68 68 68 68 68 68 68 68 68 68 68 68 68 68 68 68 68 68 68 78 177 251 255 255 255 
255 255 255 244 140 63 59 59 59 59 59 59 59 59 59 59 59 59 59 59 61 70 97 89 59 64 64 56 49 54 63 64 66 104 119 119 119 119 119 119 119 119 120 114 102 96 97 100 110 121 121 121 121 121 121 121 121 121 121 121 121 129 200 233 115 38 32 30 29 29 36 115 233 189 87 71 71 71 71 71 71 71 71 71 71 71 71 71 71 71 71 71 71 71 71 71 71 71 71 82 179 251 255 255 255 
255 255 255 244 140 63 59 59 59 59 59 59 59 59 59 59 59 59 59 59 61 70 97 89 59 64 64 56 49 54 63 64 66 104 119 119 119 119 119 119 119 119 120 114 102 96 98 108 128 134 135 135 135 135 135 135 135 135 135 135 135 144 210 233 116 39 32 31 30 30 41 141 237 160 72 65 65 65 65 65 65 65 65 65 65 65 65 65 65 65 65 65 65 65 65 65 65 65 65 76 176 251 255 255 255 
255 255 255 244 140 63 59 59 59 59 59 59 59 59 59 59 59 59 59 59 61 70 97 89 59 64 64 56 49 54 63 64 66 104 119 119 119 119 119 119 119 119 120 114 102 96 102 116 126 127 127 127 127 127 127 127 127 127 127 127 127 144 220 231 110 38 32 32 32 32 46 154 241 181 83 60 60 60 60 60 60 60 60 60 60 60 60 60 60 60 60 60 60 60 60 60 60 60 60 71 174 251 255 255 255 
255 255 255 244 140 63 59 59 59 59 59 59 59 59 59 59 59 59 59 59 61 70 97 89 59 64 64 56 49 54 63 64 66 104 119 119 119 119 119 119 119 119 120 115 104 104 118 125 126 127 127 127 127 127 127 127 127 127 127 127 128 159 232 213 89 37 33 32 32 33 39 102 205 231 141 63 54 53 53 53 53 53 53 53 53 53 53 53 53 53 53 53 53 53 53 53 53 53 53 65 172 251 255 255 255 
255 255 255 244 140 63 59 59 59 59 59 59 59 59 59 59 59 59 59 59 61 70 97 89 59 64 64 56 49 54 63 64 68 106 120 120 120 120 120 120 120 120 121 120 120 126 132 133 133 133 133 133 133 133 133 133 133 133 133 134 143 199 239 159 57 36 34 33 33 34 33 40 109 218 208 94 48 47 47 47 47 47 47 47 47 47 47 47 47 47 47 47 47 47 47 47 47 47 47 59 169 251 255 255 255 
255 255 255 244 140 63 59 59 59 59 59 59 59 59 59 59 59 59 59 59 61 70 97 89 59 64 64 56 49 54 64 73 94 126 133 133 133 133 133 133 133 133 134 138 141 143 143 143 143 143 143 143 143 143 143 143 143 143 143 145 177 236 210 94 41 36 35 34 35 35 34 31 49 156 235 151 67 60 60 60 60 60 60 60 60 60 60 60 60 60 60 60 60 60 60 60 60 60 60 72 174 251 255 255 255 
255 255 255 244 140 63 59 59 59 59 59 60 59 59 59 59 59 59 59 59 61 70 97 89 59 64 64 56 50 62 87 113 134 142 143 143 143 143 143 143 143 143 143 143 143 143 143 143 143 143 143 143 143 143 143 143 143 143 149 176 221 239 150 54 38 36 35 34 35 35 34 32 38 108 226 195 95 77 77 77 77 77 77 77 77 77 77 77 77 77 77 77 77 77 77 77 77 77 77 87 181 252 255 255 255 
255 255 255 244 140 63 59 59 59 59 64 72 62 59 59 59 59 59 59 59 61 70 97 89 59 64 64 62 76 106 130 140 142 143 143 143 143 143 143 143 143 143 143 143 143 143 143 143 143 143 143 143 143 143 143 143 143 144 174 230 245 203 89 40 37 36 35 34 35 35 34 35 42 96 217 212 113 90 90 90 90 90 90 90 90 90 90 90 90 90 90 90 90 90 90 90 90 90 90 100 187 252 255 255 255 
255 255 255 244 140 63 59 59 59 59 71 102 84 62 59 59 59 59 59 59 61 70 97 89 59 66 76 97 124 136 139 139 139 139 139 139 139 139 139 139 139 139 139 139 139 139 139 139 139 139 139 139 139 139 139 139 140 153 212 240 188 119 53 38 37 36 35 35 36 35 35 38 53 120 228 210 122 104 104 104 104 104 104 104 104 104 104 104 104 104 104 104 104 104 104 104 104 104 104 113 193 252 255 255 255 
255 255 255 244 140 63 59 59 59 59 72 116 119 88 64 59 59 59 59 59 61 70 97 90 68 94 124 141 147 147 147 147 147 147 147 147 147 147 147 147 147 147 147 147 147 147 147 147 147 147 147 147 147 147 147 147 152 192 240 204 105 67 51 41 37 36 35 35 35 36 37 46 75 167 240 187 121 114 114 114 114 114 114 114 114 114 114 114 114 114 114 114 114 114 114 114 114 114 114 122 197 252 255 255 255 
255 255 255 244 140 63 59 59 59 59 72 117 134 135 98 66 63 63 63 63 65 75 103 112 116 144 155 156 156 156 156 156 156 156 156 156 156 156 156 156 156 156 156 156 156 156 156 156 156 156 156 156 156 156 156 159 185 234 229 138 75 66 62 54 44 37 35 35 35 36 41 61 118 217 233 161 127 126 126 126 126 126 126 126 126 126 126 126 126 126 126 126 126 126 126 126 126 126 126 134 202 252 255 255 255 
255 255 255 244 140 63 59 59 59 59 72 117 136 156 154 124 116 116 116 116 118 127 147 161 166 169 170 170 170 170 170 170 170 170 170 170 170 170 170 170 170 170 170 170 170 170 170 170 170 170 170 170 170 170 170 184 228 239 166 86 70 69 68 67 63 51 39 35 34 36 50 92 184 242 203 149 140 140 140 140 140 140 140 140 140 140 140 140 140 140 140 140 140 140 140 140 140 140 140 146 207 253 255 255 255 
255 255 255 244 140 63 59 59 59 59 72 117 136 157 174 173 172 172 172 172 172 174 175 176 177 177 177 177 177 177 177 177 177 177 177 177 177 177 177 177 177 177 177 177 177 177 177 177 177 177 177 177 177 177 183 218 245 195 101 72 71 71 71 77 108 106 70 45 37 41 69 149 234 228 170 148 147 147 147 147 147 147 147 147 147 147 147 147 147 147 147 147 147 147 147 147 147 147 147 153 210 253 255 255 255 
255 255 255 244 140 63 59 59 59 59 72 117 135 154 165 166 166 166 166 166 166 166 166 166 166 166 166 166 166 166 166 166 166 166 166 166 166 166 166 166 166 166 166 166 166 166 166 166 166 166 166 166 166 169 200 242 217 124 74 70 71 72 71 75 103 129 124 80 50 56 112 212 240 189 152 149 149 149 149 149 149 149 149 149 149 149 149 149 149 149 149 149 149 149 149 149 149 149 149 155 211 253 255 255 255 
255 255 255 244 140 63 59 59 59 59 72 117 132 136 140 140 140 140 140 140 140 140 140 140 140 140 140 140 140 140 140 140 140 140 140 140 140 140 140 140 140 140 140 140 140 140 140 140 140 140 140 140 140 156 219 234 144 73 65 67 68 69 68 67 68 79 99 80 59 81 173 242 207 154 144 144 144 144 144 144 144 144 144 144 144 144 144 144 144 144 144 144 144 144 144 144 144 144 144 150 209 253 255 255 255 
255 255 255 244 140 63 59 59 59 59 72 117 129 124 124 124 124 124 124 124 124 124 124 124 124 124 124 124 124 124 124 124 124 124 124 124 124 124 124 124 124 124 124 124 124 124 124 124 124 124 124 124 129 178 238 198 78 45 50 57 62 63 64 64 62 60 60 59 65 116 219 230 163 135 133 133 133 133 133 133 133 133 133 133 133 133 133 133 133 133 133 133 133 133 133 133 133 133 133 141 205 253 255 255 255 
255 255 255 244 140 63 59 59 59 59 72 116 131 130 130 130 130 130 130 130 130 130 130 130 130 130 130 130 130 130 130 130 130 130 130 130 130 130 130 130 130 130 130 130 130 130 130 130 130 130 130 131 156 225 228 131 54 43 41 43 50 59 62 62 61 60 58 60 83 173 240 196 135 127 127 127 127 127 127 127 127 127 127 127 127 127 127 127 127 127 127 127 127 127 127 127 127 127 127 134 202 252 255 255 255 
255 255 255 244 140 63 59 59 59 59 71 114 127 127 127 127 127 127 127 127 127 127 127 127 127 127 127 127 127 127 127 127 127 127 127 127 127 127 127 127 127 127 127 127 127 127 127 127 127 127 127 130 180 240 176 71 47 45 42 40 42 50 59 61 60 59 58 68 130 226 228 161 132 131 131 131 131 131 131 131 131 131 131 131 131 131 131 131 131 131 131 131 131 131 131 131 131 131 131 139 204 253 255 255 255 
255 255 255 244 140 63 59 59 59 59 70 108 121 121 121 121 121 121 121 121 121 121 121 121 121 121 121 121 121 121 121 121 121 121 121 121 121 121 121 121 121 121 121 121 121 121 121 121 121 121 121 128 196 237 135 54 45 43 41 40 40 42 52 59 59 58 61 98 196 241 192 144 139 139 139 139 139 139 139 139 139 139 139 139 139 139 139 139 139 139 139 139 139 139 139 139 139 139 139 145 207 253 255 255 255 
255 255 255 244 140 63 59 59 59 59 70 111 125 125 125 125 125 125 125 125 125 125 125 125 125 125 125 125 125 125 125 125 125 125 125 125 125 125 125 125 125 125 125 125 125 125 125 125 125 125 125 133 201 237 140 61 47 43 40 39 39 40 44 54 58 60 83 164 238 216 153 136 135 135 135 135 135 135 135 135 135 135 135 135 135 135 135 135 135 135 135 135 135 135 135 135 135 135 135 142 205 253 255 255 255 
255 255 255 244 140 63 59 59 59 59 74 129 148 148 148 148 148 148 148 148 148 148 148 148 148 148 148 148 148 148 148 148 148 148 148 148 148 148 148 148 148 148 148 148 148 148 148 148 148 148 148 154 208 245 177 94 62 51 45 42 40 41 44 55 64 86 151 228 231 168 132 129 129 129 129 129 129 129 129 129 129 129 129 129 129 129 129 129 129 129 129 129 129 129 129 129 129 129 129 136 203 253 255 255 255 
255 255 255 244 140 63 59 59 59 59 75 133 152 152 152 152 152 152 152 152 152 152 152 152 152 152 152 152 152 152 152 152 152 152 152 152 152 152 152 152 152 152 152 152 152 152 152 152 152 152 152 155 193 243 226 168 118 86 69 62 59 58 62 73 98 168 231 236 182 135 127 127 127 127 127 127 127 127 127 127 127 127 127 127 127 127 127 127 127 127 127 127 127 127 127 127 127 127 127 135 202 253 255 255 255 
255 255 255 245 156 89 86 86 86 86 100 149 166 166 166 166 166 166 166 166 166 166 166 166 166 166 166 166 166 166 166 166 166 166 166 166 166 166 166 166 166 166 166 166 166 166 166 166 166 166 166 166 179 222 250 240 214 177 147 131 121 121 131 147 187 238 240 196 155 145 145 145 145 145 145 145 145 145 145 145 145 145 145 145 145 145 145 145 145 145 145 145 145 145 145 145 145 145 145 151 209 253 255 255 255 
255 255 255 252 225 205 205 205 205 205 209 223 229 229 229 229 229 229 229 229 229 229 229 229 229 229 229 229 229 229 229 229 229 229 229 229 229 229 229 229 229 229 229 229 229 229 229 229 229 229 229 229 229 239 253 255 253 246 237 230 224 226 232 239 249 254 245 227 222 222 222 222 222 222 222 222 222 222 222 222 222 222 222 222 222 222 222 222 222 222 222 222 222 222 222 222 222 222 222 224 242 254 255 255 255 
255 255 255 255 255 254 254 254 254 254 254 255 255 255 255 255 255 255 255 255 255 255 255 255 255 255 255 255 255 255 255 255 255 255 255 255 255 255 255 255 255 255 255 255 255 255 255 255 255 255 255 255 255 255 255 255 255 255 255 255 255 255 255 255 255 255 255 255 255 255 255 255 255 255 255 255 255 255 255 255 255 255 255 255 255 255 255 255 255 255 255 255 255 255 255 255 255 255 255 255 255 255 255 255 255 
255 255 255 255 255 255 255 255 255 255 255 255 255 255 255 255 255 255 255 255 255 255 255 255 255 255 255 255 255 255 255 255 255 255 255 255 255 255 255 255 255 255 255 255 255 255 255 255 255 255 255 255 255 255 255 255 255 255 255 255 255 255 255 255 255 255 255 255 255 255 255 255 255 255 255 255 255 255 255 255 255 255 255 255 255 255 255 255 255 255 255 255 255 255 255 255 255 255 255 255 255 255 255 255 255 
255 255 255 255 255 255 255 255 255 255 255 255 255 255 255 255 255 255 255 255 255 255 255 255 255 255 255 255 255 255 255 255 255 255 255 255 255 255 255 255 255 255 255 255 255 255 255 255 255 255 255 255 255 255 255 255 255 255 255 255 255 255 255 255 255 255 255 255 255 255 255 255 255 255 255 255 255 255 255 255 255 255 255 255 255 255 255 255 255 255 255 255 255 255 255 255 255 255 255 255 255 255 255 255 255 
