22 24 27 28 28 29 29 30 30 32 34 38 42 46 50 51 51 53 53 43 25 18 18 18 19 20 17 14 12 11 11 10 10 10 10 10 10 10 10 10 10 10 11 13 16 18 21 26 34 53 72 77 78 80 80 69 65 75 68 66 78 81 81 81 74 48 35 34 34 36 38 34 30 30 
21 22 23 23 23 24 24 24 24 27 31 36 41 46 50 51 49 47 48 42 26 18 18 19 20 19 16 14 13 11 11 10 10 10 10 10 10 10 10 10 10 10 11 12 16 18 21 26 34 53 74 78 80 82 81 69 67 76 68 68 80 83 83 83 74 47 36 35 35 37 39 34 31 30 
21 21 21 20 20 21 22 21 21 24 27 32 38 45 49 50 46 42 43 40 29 20 19 20 20 19 16 14 13 12 11 11 11 11 11 10 10 10 10 10 10 10 10 12 15 18 22 27 34 55 76 80 82 84 82 70 71 79 68 71 84 87 87 85 73 47 37 36 36 38 40 34 29 28 
22 22 21 20 20 21 21 20 21 24 27 30 36 44 49 50 47 45 46 42 30 21 20 20 19 18 15 14 13 12 11 11 11 11 11 10 10 10 10 10 10 10 10 11 14 18 22 27 35 58 79 83 84 86 85 72 75 82 69 76 89 91 90 88 73 46 38 37 37 39 40 33 27 26 
22 23 21 20 20 21 21 20 21 24 26 29 34 41 48 52 49 46 46 40 29 20 19 19 19 18 15 14 13 12 12 12 11 11 11 10 10 10 10 10 10 10 10 11 14 18 22 26 36 60 81 86 88 90 89 74 78 84 71 80 94 95 94 91 73 46 39 38 39 41 41 33 26 26 
22 23 22 21 20 20 21 21 21 24 26 28 32 37 45 51 50 43 42 38 27 19 18 18 18 18 17 14 13 12 11 11 11 11 11 11 11 10 10 10 9 9 9 10 12 15 19 24 36 63 84 89 92 94 91 75 82 86 72 85 99 99 98 94 72 46 41 40 41 43 44 34 27 26 
22 22 22 22 20 19 21 21 21 23 25 27 31 35 42 50 50 47 45 36 24 19 18 18 18 19 18 16 14 12 11 10 10 11 11 11 11 10 10 10 9 9 9 10 11 13 16 21 35 65 86 92 95 98 92 76 87 89 75 91 105 105 102 97 72 47 43 42 43 46 46 34 26 25 
22 22 22 21 20 19 20 21 20 22 24 26 29 33 40 48 50 42 33 25 21 19 18 18 18 18 18 17 16 15 14 12 11 11 11 10 10 11 11 11 9 9 9 11 12 12 15 20 36 67 89 95 99 102 95 78 93 92 78 97 110 110 107 101 73 49 46 45 46 50 49 34 25 24 
20 21 21 20 19 19 20 20 20 21 21 23 27 31 37 46 51 45 35 24 19 18 17 17 17 17 17 17 17 16 15 14 12 11 11 11 10 10 11 10 10 9 10 11 12 12 15 22 39 70 91 97 102 106 97 81 98 95 82 103 114 115 113 105 74 51 49 48 49 53 51 34 25 25 
19 20 20 19 18 18 19 20 20 21 22 23 25 29 35 43 50 51 48 37 22 17 17 17 17 17 17 17 17 17 17 16 14 12 12 12 12 11 11 11 11 12 12 12 13 14 18 27 43 73 93 98 104 108 98 83 103 97 84 106 118 118 116 106 73 54 53 51 52 55 53 36 26 27 
20 20 21 20 19 19 20 20 20 21 22 23 25 28 33 41 50 52 54 51 31 18 17 17 17 17 17 17 17 17 17 17 16 15 15 16 16 15 15 16 17 20 26 25 25 28 32 37 49 77 95 100 105 111 100 86 105 96 86 111 121 120 118 106 72 57 55 52 53 57 53 35 26 29 
20 20 21 21 20 19 19 20 20 21 22 23 24 27 31 38 49 52 56 60 40 20 17 17 17 17 17 18 18 18 19 20 20 21 22 24 26 27 29 32 34 36 39 40 42 45 48 52 61 82 97 101 107 113 100 89 107 95 89 115 123 122 120 105 70 58 57 54 55 58 54 34 26 30 
21 21 21 21 21 19 19 19 19 20 22 22 23 25 29 34 45 51 56 60 42 21 19 19 19 21 22 24 26 28 30 32 34 35 37 39 41 42 43 44 46 48 50 54 58 62 66 71 78 88 98 103 109 114 100 90 109 94 92 117 124 124 122 103 68 59 57 55 56 58 52 33 26 31 
21 21 22 21 21 20 20 20 20 21 22 22 23 25 27 30 38 48 52 52 38 28 28 29 31 34 37 40 42 44 45 47 49 52 54 53 52 53 54 56 59 63 65 67 69 70 72 77 82 90 99 104 111 116 100 92 110 93 96 120 125 125 123 102 68 59 58 56 56 59 51 31 26 32 
21 21 22 22 22 22 23 23 23 24 25 26 27 28 30 32 37 44 46 45 41 42 43 44 46 47 49 53 59 65 72 81 92 104 108 87 67 64 65 66 66 68 68 69 70 71 74 78 83 91 100 106 113 118 99 95 111 93 101 124 128 128 125 100 67 60 59 57 58 60 51 31 26 32 
25 25 25 26 27 28 29 30 31 33 35 37 38 40 42 43 44 45 46 47 48 50 52 54 57 63 81 102 115 126 134 141 147 151 148 110 72 67 67 67 67 69 69 69 70 72 75 78 83 92 101 108 117 119 98 98 113 93 106 129 132 132 126 97 67 62 60 59 60 63 52 31 27 33 
32 33 35 37 38 39 41 43 44 45 46 46 47 48 49 51 51 52 54 58 61 66 70 74 76 83 117 147 153 155 155 155 157 159 154 115 73 67 67 68 68 69 70 70 71 73 75 79 83 92 102 112 120 120 97 102 115 94 112 134 137 135 128 95 69 64 62 60 61 65 52 32 29 33 
44 45 47 47 48 48 49 49 49 50 52 53 56 58 59 63 66 67 70 72 76 79 82 84 84 88 121 154 159 159 159 160 161 162 157 119 74 67 68 68 69 70 71 71 72 74 76 79 84 93 104 114 123 121 98 107 115 95 118 138 140 139 131 95 70 66 64 61 62 65 52 32 29 32 
50 50 51 52 54 56 57 59 61 65 67 68 70 70 69 70 71 72 72 74 78 82 86 89 88 90 122 157 163 163 164 165 166 167 161 122 75 68 68 68 69 70 71 71 72 74 76 80 84 93 105 116 126 123 99 110 115 97 125 143 145 144 133 94 71 69 67 63 63 66 52 31 30 33 
60 61 63 66 69 70 70 70 71 72 72 72 72 71 71 71 72 72 73 75 80 86 89 91 91 92 121 160 168 169 169 171 172 172 166 126 77 68 69 69 69 70 71 71 72 73 77 81 84 93 106 118 128 124 98 112 115 100 131 147 148 147 133 91 73 75 71 66 64 66 52 31 29 33 
73 73 73 74 73 72 72 71 71 71 72 72 72 71 71 71 72 72 73 76 81 86 90 93 94 94 121 162 173 174 174 175 176 176 170 130 78 69 69 69 70 70 71 72 71 73 77 81 84 93 107 119 130 125 99 117 115 102 135 151 151 150 132 89 77 80 75 67 64 66 50 29 25 26 
75 75 74 75 74 73 72 71 71 71 72 72 72 71 71 71 72 72 74 76 81 87 91 94 95 96 121 164 176 177 178 179 180 180 174 134 80 69 69 69 70 71 71 72 72 73 77 81 85 93 108 121 132 126 102 122 115 104 140 153 153 150 130 88 78 80 72 60 53 48 33 19 15 15 
76 76 76 75 74 73 72 72 73 72 72 72 72 71 71 72 72 73 74 77 83 89 92 95 97 97 119 164 178 179 181 181 182 183 178 138 82 69 69 69 70 71 71 72 73 75 79 82 85 93 108 123 134 125 103 127 113 107 145 155 154 147 123 84 72 60 41 29 24 20 15 13 12 12 
78 78 77 76 75 73 73 73 73 73 72 72 72 71 71 72 72 73 75 78 85 91 94 96 98 98 117 163 179 181 184 184 185 186 182 144 83 69 69 69 70 71 71 72 73 76 80 82 85 92 108 124 136 124 105 130 112 111 147 156 152 140 111 70 46 27 17 15 14 14 13 12 12 12 
80 79 78 77 75 74 74 73 73 74 73 73 73 73 73 74 73 73 76 79 86 92 96 99 101 101 117 163 181 184 186 187 187 189 186 149 86 69 69 70 71 71 71 72 74 76 80 82 83 90 108 126 137 122 106 132 106 105 135 144 140 118 81 39 22 16 15 14 14 14 13 12 12 12 
80 79 79 78 76 75 75 75 75 75 74 73 74 75 75 75 75 75 77 81 87 93 97 101 104 104 116 163 184 186 187 188 188 189 187 151 87 70 69 70 71 71 71 72 73 75 78 80 81 89 109 127 138 121 107 128 96 90 101 114 116 78 38 20 16 15 15 14 14 14 14 13 12 12 
79 79 79 78 78 77 77 76 75 75 74 74 75 76 76 76 76 77 79 82 89 94 99 102 105 105 115 162 186 188 188 189 190 190 188 154 89 70 70 71 71 71 71 71 72 74 77 78 79 86 109 128 138 119 107 121 89 90 95 92 83 43 19 16 16 16 16 15 15 16 16 14 13 12 
80 80 80 79 79 78 77 76 76 76 75 75 76 77 77 77 77 78 80 83 88 94 99 103 106 106 116 162 188 190 190 191 192 193 191 157 90 70 70 70 70 70 70 70 72 74 75 75 74 82 107 126 138 114 104 114 82 88 97 66 40 23 17 16 16 17 17 16 16 17 16 14 13 13 
82 82 81 80 80 79 78 77 76 76 76 76 77 78 79 79 80 80 82 85 89 94 100 103 107 108 115 160 190 192 193 194 195 196 193 160 92 70 69 68 68 68 69 70 71 72 70 66 64 72 93 115 133 108 96 108 75 65 59 36 23 20 19 19 19 21 22 22 21 20 18 16 15 14 
83 82 82 82 82 81 80 79 78 78 77 77 79 80 82 82 83 83 85 87 91 96 100 104 108 109 114 157 190 194 195 196 197 198 196 164 95 71 69 68 67 67 67 68 68 66 62 56 57 66 75 89 108 94 87 95 67 53 38 25 21 22 24 27 30 33 33 31 27 24 20 18 16 15 
83 82 81 82 82 81 81 80 80 81 80 78 81 83 84 85 85 86 87 90 93 97 101 105 109 109 115 155 191 195 196 197 199 200 198 168 98 72 69 67 66 66 65 64 61 57 54 55 59 65 72 78 83 80 81 79 53 39 31 28 28 32 37 42 49 54 53 45 35 28 26 22 18 17 
84 82 81 82 82 81 81 81 81 82 82 81 82 84 86 87 88 89 89 91 94 97 101 105 108 109 113 152 191 197 198 198 200 201 200 172 101 71 66 65 64 62 59 57 56 57 59 62 65 67 70 73 72 70 69 68 54 37 30 33 40 49 55 60 65 71 70 60 50 46 44 39 28 20 
83 82 81 83 83 82 81 81 82 83 83 83 84 85 86 88 89 90 91 92 94 97 101 105 108 109 110 147 190 197 198 199 200 201 201 175 106 74 67 62 58 55 54 57 61 64 67 69 71 72 73 73 72 66 59 56 53 44 44 53 60 71 80 81 84 87 87 80 74 69 66 62 47 28 
82 82 81 83 84 83 82 81 81 82 83 84 85 86 87 88 90 91 92 93 94 96 100 104 108 109 108 141 188 197 198 199 200 201 201 179 116 88 88 81 69 62 58 58 60 63 66 69 72 74 75 76 76 73 67 61 59 62 77 87 86 95 106 107 109 111 112 104 96 88 83 78 62 43 
83 83 82 83 84 84 83 82 82 83 84 84 85 87 88 89 90 91 93 94 95 97 100 102 103 102 99 124 169 188 196 200 201 202 203 183 124 97 114 124 116 107 97 84 72 67 65 66 69 71 73 75 76 75 75 74 80 106 123 125 127 130 133 135 135 133 130 121 111 101 95 86 71 56 
84 84 83 85 85 85 84 83 83 85 85 85 86 88 89 90 90 91 93 95 96 97 99 98 95 90 86 97 112 136 169 196 203 204 205 187 132 107 137 159 158 156 153 144 132 120 113 109 102 96 91 91 94 97 101 103 117 145 151 152 155 149 144 144 142 137 133 128 122 113 103 90 75 63 
85 85 85 86 86 85 85 85 85 86 86 85 86 88 90 91 91 93 94 95 97 99 99 97 89 82 83 79 60 70 125 187 204 207 207 192 140 112 142 171 175 176 178 176 173 171 169 169 163 157 150 148 150 150 150 146 148 154 156 159 158 152 145 141 137 133 128 125 123 116 104 90 77 67 
86 86 85 86 87 86 86 85 85 86 86 85 87 89 91 92 92 93 94 96 98 100 100 97 87 77 80 66 45 56 120 189 205 207 208 194 144 111 138 171 176 177 180 182 182 184 182 185 184 180 181 179 178 180 176 168 158 156 158 159 155 150 142 136 130 125 121 118 116 109 98 87 76 67 
87 87 86 87 88 87 86 86 85 86 86 87 88 89 91 92 92 93 94 96 99 100 101 98 87 73 66 53 43 60 128 192 207 208 209 196 147 113 139 169 173 177 178 180 180 182 183 184 186 183 184 185 182 185 182 171 160 158 158 157 154 148 140 131 123 116 110 107 105 100 91 81 72 63 
90 90 89 89 89 88 87 86 86 86 86 87 88 90 91 92 92 93 94 96 99 101 101 98 87 73 64 49 46 72 135 195 208 210 210 199 149 115 142 173 179 182 184 182 181 181 184 184 184 180 181 185 185 181 170 150 156 164 165 164 161 155 145 130 117 109 99 91 88 88 81 70 61 56 
94 93 92 91 90 89 88 86 86 87 87 87 89 90 91 91 92 92 94 96 100 101 101 98 86 73 63 46 55 89 135 194 210 211 212 201 150 114 138 172 180 182 184 182 183 185 188 190 186 183 184 186 189 183 148 111 138 167 176 173 159 145 138 115 96 90 82 72 67 69 65 54 46 42 
97 96 94 93 92 90 88 87 87 87 87 87 89 90 90 90 91 92 93 95 99 101 102 98 87 74 62 52 56 83 123 190 211 213 213 202 151 113 139 174 178 178 179 178 181 181 183 185 181 182 180 167 161 155 113 75 102 151 179 171 137 117 113 93 73 65 58 53 49 46 42 35 32 31 
97 96 95 94 93 92 90 88 88 87 87 87 88 89 89 90 90 91 92 93 96 99 101 98 88 75 65 60 49 66 110 183 212 214 214 203 153 113 139 176 181 182 182 182 183 180 182 182 179 181 151 98 81 79 70 59 65 104 155 159 124 96 90 79 72 68 62 53 43 36 29 26 25 25 
91 95 97 96 96 93 90 89 88 87 87 87 87 87 88 88 86 85 88 91 94 97 98 96 86 73 63 56 46 61 99 174 211 214 214 205 155 113 135 172 177 179 181 182 183 182 184 185 183 183 143 70 43 42 50 63 67 73 103 114 92 77 77 87 104 114 112 96 79 64 40 26 22 20 
93 99 101 99 98 94 91 90 89 88 88 88 87 86 83 72 57 57 78 90 93 95 97 95 86 75 68 67 57 60 90 163 207 212 215 206 156 113 134 173 180 180 177 179 180 178 180 184 183 181 154 84 48 38 46 58 68 73 84 83 57 51 62 85 123 150 154 133 103 87 52 29 22 20 
113 108 102 100 97 94 92 90 89 89 89 88 81 69 52 34 24 34 69 90 93 93 95 94 89 83 85 94 78 64 83 150 200 206 211 207 157 111 128 171 181 183 178 178 182 182 181 181 184 181 166 107 75 64 59 63 68 74 87 75 44 44 59 79 110 134 139 123 100 83 48 30 27 26 
116 106 102 101 97 94 92 90 88 87 81 68 48 32 23 21 26 34 66 95 94 91 92 92 89 87 97 117 96 69 78 137 190 200 205 205 158 109 120 168 179 181 180 174 180 182 181 180 184 184 176 124 85 74 64 67 70 92 111 77 45 45 57 72 92 108 103 88 84 62 33 32 35 38 
101 102 105 102 98 94 92 88 80 64 45 30 22 21 28 46 70 63 66 93 92 88 89 89 85 82 89 106 88 67 73 124 180 195 200 203 158 104 112 165 181 183 184 175 174 179 179 181 181 183 179 141 92 74 68 77 83 125 123 70 43 47 59 66 79 97 95 68 62 47 29 35 40 44 
113 116 115 107 100 93 81 63 43 28 21 22 30 48 74 112 142 104 64 78 85 85 84 84 81 73 67 72 69 59 66 109 166 186 195 200 156 97 97 151 177 181 181 173 168 179 182 184 182 180 177 152 103 79 62 83 112 140 110 62 37 35 53 66 81 112 114 63 47 42 32 39 43 46 
127 127 123 111 89 65 42 27 21 22 30 46 75 109 131 139 141 116 66 59 74 80 79 79 76 66 54 49 44 43 56 90 145 174 193 196 153 89 79 120 142 146 144 132 134 157 170 175 177 175 177 167 119 61 37 68 124 131 91 60 44 28 29 56 81 95 108 64 43 40 36 42 46 49 
125 121 105 75 45 27 21 22 29 46 74 106 131 129 105 90 114 130 77 47 65 77 78 76 72 64 54 45 36 37 50 74 120 162 191 194 148 78 54 57 58 68 72 66 71 91 113 132 146 157 163 163 142 84 48 76 123 106 73 58 53 37 23 37 65 54 60 49 41 40 43 49 52 55 
88 73 48 29 22 23 30 47 73 107 133 137 114 85 74 73 90 123 96 49 59 74 75 73 70 69 69 65 54 53 66 85 113 149 179 185 139 68 40 30 32 48 53 50 52 59 65 75 90 101 107 119 130 125 117 135 130 89 60 53 55 54 40 35 59 50 40 40 42 48 57 61 63 65 
35 28 22 23 30 46 73 107 132 133 122 113 96 82 74 70 79 115 110 58 52 69 72 72 75 80 83 82 82 85 98 119 136 149 160 163 130 77 48 33 33 48 55 53 55 64 77 102 118 102 70 51 55 75 132 165 135 89 60 51 49 57 71 75 71 63 52 53 64 78 83 79 75 73 
21 23 29 43 62 87 128 136 119 125 143 151 138 105 77 68 70 99 123 74 49 65 73 77 81 84 85 87 93 104 120 135 149 159 163 162 152 131 109 86 67 61 61 56 58 85 123 143 138 115 76 34 23 42 128 173 141 107 85 67 53 51 77 123 136 128 124 125 126 123 113 100 86 76 
34 44 63 78 91 118 148 131 140 187 200 175 134 92 72 67 68 85 117 93 52 64 76 77 78 83 89 100 110 115 120 128 145 161 166 167 163 157 153 147 134 115 98 85 94 134 151 138 117 102 77 39 26 39 103 154 141 127 121 103 78 63 76 134 168 170 169 164 154 141 124 107 89 73 
69 79 101 122 137 144 137 139 171 201 188 134 94 79 72 69 73 85 113 98 54 57 72 75 78 89 109 125 121 100 89 98 121 148 160 166 165 160 157 153 146 144 145 148 156 156 140 113 96 112 107 77 61 41 51 103 134 133 132 125 109 90 103 151 176 174 170 162 150 134 118 103 85 68 
110 126 157 164 136 128 133 133 154 155 125 110 107 89 79 80 77 73 86 86 57 48 65 75 88 108 124 120 96 79 81 87 93 108 132 152 158 156 149 145 148 153 157 152 136 113 100 82 75 100 116 115 123 85 45 66 108 133 126 108 111 122 141 164 174 170 164 154 141 124 110 97 80 64 
142 134 134 133 146 199 214 163 127 122 131 137 117 96 94 105 95 71 77 87 66 47 71 105 124 130 129 103 99 122 133 142 128 98 111 142 145 139 140 147 153 154 137 99 87 74 67 56 49 55 64 76 121 141 97 73 95 117 95 72 87 115 137 150 160 160 154 144 132 116 103 90 74 61 
107 108 118 125 163 233 240 177 123 134 158 150 136 132 134 134 105 73 74 88 77 58 100 133 136 148 147 114 130 153 152 158 131 84 101 138 133 132 145 153 155 150 117 91 83 67 48 36 40 43 45 62 134 185 161 131 139 138 100 75 79 94 103 109 126 141 142 135 122 107 94 81 67 56 
112 115 117 119 157 230 242 193 131 131 163 169 176 157 117 90 86 84 84 87 81 64 88 134 160 171 165 135 127 133 124 114 88 85 120 137 128 138 153 155 155 151 135 113 78 51 36 33 36 38 48 62 99 133 146 148 152 158 140 121 113 103 88 78 87 115 130 124 110 92 81 70 60 52 
118 118 106 97 131 201 229 195 137 127 165 175 149 114 92 102 106 95 88 86 84 67 78 145 174 177 177 169 155 137 120 113 104 116 137 138 132 148 156 156 157 158 152 118 72 44 42 44 51 77 92 95 89 83 90 111 139 163 158 149 138 120 101 93 92 103 120 114 95 76 67 61 55 49 
109 96 75 73 107 175 195 157 127 142 149 128 117 117 131 133 116 96 88 85 84 71 68 121 161 172 176 177 173 150 132 131 126 133 147 140 140 155 157 157 159 159 144 96 55 45 43 46 73 114 101 116 132 131 119 115 134 162 162 156 147 130 119 124 127 121 120 104 82 65 59 56 52 45 
82 74 63 64 90 149 156 120 113 132 116 111 133 140 135 129 129 102 90 84 81 72 57 89 144 162 167 169 161 137 127 127 128 144 153 138 141 157 160 161 161 144 98 57 44 49 50 51 67 78 65 71 76 77 79 78 110 158 150 145 153 148 144 147 146 130 114 93 75 62 56 53 49 44 
70 63 59 61 77 111 116 115 125 131 140 145 142 131 137 133 123 110 93 83 76 71 59 84 155 178 174 141 106 95 104 113 128 146 150 132 130 149 160 161 141 96 62 54 49 50 57 57 59 59 58 60 56 44 39 44 102 168 166 157 165 164 157 148 130 110 94 84 72 61 55 51 47 43 
55 57 62 71 90 106 120 121 126 157 157 137 136 148 137 131 126 101 86 80 72 69 57 67 145 186 173 105 64 80 108 131 142 154 154 144 140 137 141 127 88 60 52 51 48 45 46 48 52 56 61 60 57 48 43 50 101 163 175 170 169 163 143 117 97 83 77 75 69 61 53 49 45 41 
68 70 70 81 107 119 126 137 143 150 136 144 139 138 142 131 99 69 75 77 65 51 33 35 78 110 101 72 72 85 102 118 141 152 149 156 161 139 95 65 50 47 43 39 37 36 33 34 36 43 57 52 47 48 49 53 86 137 159 159 148 132 108 86 75 67 65 66 63 59 53 49 48 49 
72 66 59 74 112 139 169 176 170 172 155 132 136 136 127 124 107 73 72 61 42 24 17 22 33 36 34 37 48 56 57 83 118 119 137 164 162 117 58 40 42 45 41 39 55 52 40 34 30 36 49 48 42 47 52 53 64 98 125 127 110 88 72 64 59 52 51 52 54 57 62 64 70 80 
52 54 64 92 141 176 184 182 191 178 148 140 135 126 133 112 88 71 55 34 19 15 17 22 32 38 36 32 31 32 37 56 72 90 126 142 111 62 38 30 37 61 79 77 69 50 49 45 32 35 41 47 49 53 56 51 53 63 79 83 70 55 48 45 42 40 44 53 67 83 97 102 105 108 
60 66 83 128 171 178 180 184 168 144 140 129 131 131 103 85 69 48 27 17 15 16 19 28 47 60 56 47 39 36 36 39 46 65 89 80 49 35 31 28 32 78 148 158 85 32 34 38 38 42 41 42 47 60 64 61 57 50 49 50 45 39 36 34 37 59 89 113 129 135 136 134 129 124 
77 77 77 107 161 166 163 144 117 106 118 136 117 96 78 63 41 23 16 15 16 20 31 46 59 62 62 59 55 50 43 40 42 70 104 94 78 51 28 27 35 72 126 132 75 30 29 37 43 42 39 38 41 56 61 59 52 47 46 39 34 32 31 31 55 125 167 175 176 174 170 162 152 143 
74 77 90 98 134 144 120 88 77 85 104 107 87 74 54 33 20 17 16 17 23 37 53 61 63 64 67 66 65 62 58 55 48 63 104 137 135 82 30 26 38 61 82 77 52 36 35 39 40 38 38 36 40 43 41 42 40 37 37 33 31 30 30 34 66 154 191 191 192 194 194 187 176 165 
101 124 147 123 106 104 75 65 72 78 83 79 65 46 27 19 18 17 18 27 46 60 58 61 66 69 68 66 70 72 68 64 53 61 97 116 107 63 29 25 28 40 53 54 41 32 30 35 39 40 40 36 37 36 34 35 36 34 30 29 28 30 35 39 62 153 197 197 198 201 202 199 192 183 
165 176 170 124 98 78 70 75 75 73 70 58 37 23 19 19 19 20 31 51 59 56 50 54 57 61 65 67 70 67 59 54 65 79 87 98 99 75 50 44 29 22 24 25 23 22 23 32 37 41 41 36 36 34 33 34 34 32 29 30 33 37 41 40 57 148 206 203 202 203 204 203 198 189 
181 161 123 106 98 82 78 74 71 66 52 34 22 19 19 19 23 36 57 64 58 57 58 56 45 41 45 51 50 49 43 50 68 69 92 107 109 107 91 67 35 21 18 18 17 19 27 38 36 40 39 33 33 33 32 32 31 31 34 37 39 40 41 39 51 133 209 211 205 204 204 203 199 191 
120 107 95 92 91 80 72 70 60 42 28 22 20 19 20 26 42 62 70 69 68 64 59 51 44 41 39 38 34 31 34 50 56 57 80 94 116 123 113 95 63 29 21 21 21 25 36 38 32 34 32 29 30 29 29 30 32 36 39 40 40 40 39 37 46 119 207 218 208 204 203 203 200 195 
95 90 84 80 77 72 68 54 34 22 20 20 20 21 30 50 71 100 96 81 72 64 56 53 55 53 52 46 43 45 61 106 110 92 74 64 76 76 71 68 53 34 30 31 31 32 34 32 30 29 26 25 25 24 27 32 37 40 40 39 38 38 36 37 47 112 203 221 210 205 204 203 202 198 
84 82 79 75 72 64 47 30 22 21 21 21 23 36 56 71 105 132 98 81 72 61 54 59 57 55 57 53 56 64 117 161 159 150 107 48 35 34 34 33 33 33 33 33 33 33 32 31 29 28 25 24 23 22 26 33 38 40 40 38 36 35 35 39 48 90 171 211 209 206 204 203 202 199 
79 78 75 71 59 40 24 21 21 22 23 29 44 62 73 90 144 126 95 88 74 60 57 60 53 52 54 54 57 93 175 195 188 181 123 46 29 28 29 29 30 32 33 33 32 32 32 30 29 27 26 25 23 22 24 32 37 39 38 36 34 33 35 41 46 53 110 188 209 208 206 204 203 201 
76 75 69 53 33 23 21 21 22 25 34 53 73 80 89 114 163 124 90 78 62 52 61 60 50 50 53 54 58 120 201 210 202 186 119 44 29 29 30 29 30 32 33 34 32 32 30 29 28 27 27 26 24 22 24 30 35 37 36 35 33 32 35 41 44 42 83 173 206 207 207 206 204 200 
75 67 46 29 22 22 23 22 26 41 63 81 87 93 119 115 134 95 69 74 59 46 58 56 49 50 52 51 58 126 197 190 165 143 91 40 30 31 31 31 32 33 33 34 33 33 31 29 28 27 27 27 24 22 23 27 32 34 34 32 32 31 35 41 44 46 70 135 169 177 179 177 168 155 
53 41 26 23 24 25 26 31 48 70 90 111 97 92 100 80 80 64 62 72 54 46 52 50 48 49 48 45 48 87 119 96 72 68 54 33 27 28 30 31 32 33 33 34 34 34 32 30 29 28 27 27 24 22 22 24 27 30 31 30 30 30 37 42 43 44 49 68 82 87 89 85 76 65 
28 26 25 26 27 29 37 55 73 85 114 132 94 75 63 64 62 49 43 42 34 35 39 39 40 42 39 34 29 28 28 22 21 22 23 20 17 19 24 29 32 33 33 34 34 34 33 31 30 28 27 26 24 22 21 20 21 24 28 27 26 30 39 43 43 42 43 44 44 41 39 38 37 36 
27 27 28 29 33 43 63 75 79 90 105 97 80 71 62 66 58 48 44 37 34 31 26 22 22 23 22 17 13 11 11 13 15 15 16 12 10 13 21 29 33 34 32 30 32 33 33 31 29 28 26 25 24 23 22 22 20 19 20 21 23 31 42 44 43 43 43 43 42 38 36 35 34 34 
32 31 31 36 49 69 79 82 87 114 119 89 76 71 72 65 51 52 56 45 37 29 21 14 11 11 11 10 10 11 11 12 15 16 12 9 11 20 31 36 38 34 23 20 28 33 32 29 27 26 25 24 24 24 35 52 32 19 16 17 22 34 43 44 43 44 43 42 40 38 37 35 34 33 
46 42 48 62 74 79 82 84 107 159 141 98 78 74 70 58 53 63 60 53 48 31 20 14 11 10 9 9 11 12 12 13 15 12 9 10 18 30 37 39 39 28 16 19 30 34 33 32 30 29 28 28 28 37 82 87 35 18 15 17 24 36 44 45 44 44 43 40 38 37 37 35 34 31 
49 57 73 78 76 73 81 89 124 173 134 90 79 74 62 55 60 63 62 63 51 36 28 21 13 10 10 10 11 12 13 14 12 9 10 16 25 34 38 40 37 23 16 24 34 36 35 34 33 32 32 32 37 77 114 60 23 16 15 17 26 39 45 45 44 45 44 41 38 38 36 35 33 31 
59 70 75 76 70 63 72 87 144 173 112 83 79 71 58 57 62 67 70 59 55 48 44 35 19 12 11 11 12 13 13 12 9 9 13 19 26 33 38 44 47 27 18 31 38 38 35 34 34 33 33 35 62 120 85 30 17 14 15 19 29 42 46 46 46 45 44 42 39 38 36 34 32 30 
52 60 78 78 66 54 56 95 177 155 95 83 79 68 58 60 68 78 68 68 72 78 105 92 46 20 14 13 12 12 12 10 10 10 13 19 25 32 37 56 74 40 27 36 40 39 36 34 34 34 34 48 107 109 42 19 15 14 15 20 32 43 46 47 47 45 44 41 39 37 36 34 32 30 
38 43 58 68 72 62 64 83 113 84 72 77 75 69 65 70 81 79 75 85 99 154 192 163 97 38 17 14 12 11 11 10 10 10 12 17 24 29 33 44 53 41 36 38 39 39 36 34 34 34 40 88 124 61 23 16 14 14 16 21 35 44 47 47 47 45 43 40 38 37 35 33 32 30 
37 35 38 50 61 69 67 66 58 51 59 68 73 77 78 83 85 77 85 110 167 219 227 205 146 63 22 13 11 11 11 11 10 10 12 15 20 24 29 34 38 40 39 38 38 38 35 34 34 38 70 128 86 31 17 14 14 14 16 25 40 47 48 47 46 44 42 39 38 36 35 32 31 30 
60 48 37 37 41 49 62 70 65 60 51 49 53 71 91 93 88 82 108 174 227 236 236 228 180 89 29 13 11 11 11 11 11 11 11 13 17 22 28 32 36 38 38 37 37 37 35 36 38 58 122 111 42 20 15 14 14 14 16 29 45 49 49 46 45 42 40 38 37 36 34 31 30 29 
126 100 63 43 35 35 43 55 67 61 48 33 31 57 119 144 121 102 145 226 246 244 242 234 180 87 30 13 11 10 11 11 11 11 11 12 16 20 27 32 34 31 33 36 36 35 36 38 47 103 131 59 22 15 14 14 14 14 18 33 47 49 49 46 44 41 39 37 35 34 32 29 28 28 
208 181 131 86 55 37 31 36 44 44 36 26 26 62 156 200 188 160 184 240 249 248 239 194 114 56 26 14 11 10 10 11 11 11 10 12 14 20 29 34 31 25 30 34 34 35 36 42 79 136 84 29 16 14 14 14 14 15 20 39 49 50 48 46 44 41 38 35 33 32 29 27 28 28 
248 239 211 166 118 73 44 31 29 30 27 24 26 43 94 146 176 187 193 221 244 242 192 112 67 49 32 19 12 10 10 11 11 11 11 12 17 27 33 30 26 26 31 33 33 34 37 62 130 110 39 18 14 14 14 14 14 15 23 42 49 49 46 45 43 39 36 33 32 30 27 27 28 29 
253 252 247 230 188 131 90 58 36 27 25 24 25 28 35 51 74 104 108 158 225 211 123 72 59 50 39 26 15 11 11 11 11 11 13 20 30 33 25 21 23 28 31 32 32 35 49 112 133 56 20 14 14 14 14 14 14 16 27 45 49 47 46 44 41 36 33 32 30 27 27 28 29 29 
252 253 252 234 178 134 120 104 77 47 30 25 25 26 27 28 30 35 42 96 178 154 85 65 58 51 43 34 20 13 11 11 11 14 25 35 33 21 15 17 22 27 30 31 33 41 88 142 81 26 14 12 13 14 14 14 14 18 34 47 48 46 44 43 37 32 31 30 28 26 26 27 27 28 
252 251 234 173 111 98 106 119 115 98 66 39 27 25 25 25 27 27 31 58 105 94 73 65 58 53 48 40 28 17 12 12 17 29 35 26 16 12 12 15 20 25 28 31 36 63 131 105 36 15 11 11 11 12 12 13 14 21 39 48 48 45 41 37 34 31 29 26 24 23 23 23 22 23 
247 229 168 106 85 81 84 95 113 125 110 82 54 34 27 26 27 27 29 42 55 65 70 66 60 55 50 45 35 24 16 18 29 30 20 12 11 11 12 14 18 23 27 32 49 114 125 50 17 10 9 9 9 10 10 11 12 22 41 47 46 42 37 32 29 29 28 26 23 19 19 20 19 19 
199 157 104 84 80 76 74 76 87 100 110 113 103 78 47 31 27 26 29 31 32 51 67 67 61 57 52 48 41 30 22 20 21 14 11 10 10 11 12 13 15 19 26 37 90 136 72 22 10 8 8 9 9 9 8 9 11 21 40 45 42 38 34 31 28 28 28 27 24 21 19 20 19 18 
112 96 84 81 78 75 73 74 75 78 85 99 120 126 106 72 37 27 26 20 21 36 59 68 64 59 55 51 44 35 27 20 15 12 10 10 10 10 11 11 13 17 26 61 124 92 31 12 8 8 8 9 9 8 8 8 10 20 39 43 39 35 33 32 29 28 28 27 25 23 20 20 19 18 
83 82 81 79 78 76 74 74 75 75 75 79 100 124 137 114 55 30 21 18 21 32 56 68 68 62 58 53 47 40 32 24 17 13 11 11 11 11 11 11 12 15 35 91 99 42 16 9 7 7 8 8 8 8 8 8 9 19 37 42 39 36 34 33 30 28 28 27 26 24 22 20 19 17 
79 79 80 79 78 77 75 74 75 76 74 73 77 89 104 95 60 37 28 28 35 48 60 67 69 64 59 55 49 44 39 31 23 16 13 11 11 11 11 11 13 19 51 82 50 20 10 7 7 7 8 8 8 9 8 8 10 22 38 41 39 37 35 34 32 30 29 28 27 25 23 21 19 18 
84 82 85 85 83 79 76 74 75 76 74 73 72 73 74 72 62 55 50 49 56 65 70 68 69 66 61 55 50 47 43 36 29 22 16 13 12 11 11 11 15 30 50 46 24 12 8 7 7 7 8 8 9 9 10 11 16 29 40 41 39 37 35 35 34 32 29 28 27 25 23 22 20 18 
110 107 106 101 93 83 77 74 75 75 74 73 71 69 67 65 63 61 59 59 68 83 80 65 63 66 62 57 52 49 46 40 35 28 20 14 12 11 11 13 23 40 41 28 15 9 8 8 8 8 9 9 10 12 16 21 28 39 41 40 39 37 36 36 35 34 32 29 26 25 23 22 20 18 
136 132 122 107 95 81 73 73 75 74 71 66 63 61 59 58 56 55 56 67 85 88 68 50 56 66 65 60 55 51 47 43 39 33 24 17 13 12 12 17 33 41 33 20 11 9 9 9 9 11 13 16 21 25 29 35 39 43 42 41 39 38 37 36 35 35 34 30 27 25 24 23 22 20 
143 137 125 105 85 68 61 65 68 66 60 53 49 48 47 47 47 49 62 81 79 60 47 49 57 64 66 63 58 52 48 45 42 38 31 23 15 13 14 22 35 35 26 16 14 15 16 18 21 26 31 35 41 42 41 44 44 44 43 42 40 38 36 36 35 34 34 31 29 28 27 24 22 20 
139 133 121 98 73 51 41 45 48 45 39 35 33 32 34 35 38 50 70 64 45 42 49 54 57 62 68 66 60 54 50 47 44 42 37 27 19 14 15 24 34 34 30 30 34 38 40 43 46 47 46 48 51 47 46 48 47 45 44 43 42 39 37 37 36 35 34 32 31 30 29 26 23 21 
130 123 105 81 62 44 31 28 28 25 23 22 21 21 23 25 29 43 45 34 36 45 52 55 57 60 66 68 62 56 51 48 46 44 39 30 24 19 20 30 38 44 50 54 56 57 56 56 56 54 50 51 51 49 48 49 48 47 46 44 43 41 39 38 38 37 36 34 32 31 29 27 25 23 
119 103 76 65 54 39 28 23 20 18 18 18 17 17 17 18 19 22 23 28 38 49 54 56 58 60 63 67 65 58 54 50 48 45 40 33 28 28 33 41 47 55 61 62 61 60 58 57 57 56 54 53 52 51 49 49 49 48 47 45 43 41 39 37 37 37 35 34 32 30 28 26 24 23 
89 73 63 56 41 30 24 21 18 16 15 16 15 15 15 15 16 16 19 28 43 53 57 58 59 60 62 68 70 63 56 52 50 44 41 36 35 38 44 49 55 60 62 62 61 59 57 56 56 56 55 54 53 52 51 50 48 47 46 44 42 40 38 36 36 35 33 32 31 29 27 25 23 22 
63 64 59 43 29 24 22 20 17 14 14 15 14 14 14 15 15 16 21 35 50 57 58 59 60 64 71 89 96 72 59 55 51 46 42 36 39 45 51 54 60 61 61 61 61 59 57 56 56 56 55 55 54 53 52 50 48 46 44 43 42 39 39 37 36 35 33 32 30 27 25 24 23 21 
66 60 45 30 23 21 21 18 15 14 14 14 14 14 14 14 15 18 28 46 56 60 60 60 66 92 121 146 135 84 63 58 54 49 41 36 39 50 53 55 60 61 61 61 61 59 57 56 55 55 55 54 53 52 51 49 47 46 45 43 42 40 40 38 37 36 35 33 29 27 25 24 23 21 
57 47 32 26 23 21 18 16 14 14 14 14 14 14 14 15 17 24 41 54 58 62 63 63 86 140 173 177 135 79 65 61 56 50 41 38 42 53 53 56 60 61 61 61 60 59 57 56 55 55 55 54 53 52 50 48 47 46 45 43 42 40 39 37 36 35 35 33 30 28 26 24 22 20 
41 33 26 25 24 19 16 14 14 14 14 14 14 15 16 17 21 35 50 55 58 63 66 71 102 161 183 164 99 65 64 64 60 51 43 41 46 54 54 57 60 61 61 61 60 58 56 55 55 55 54 54 53 51 49 47 46 45 44 42 41 40 38 37 36 35 34 33 30 28 26 24 22 20 
29 26 24 24 22 18 15 14 14 14 14 14 14 17 26 31 33 45 51 54 58 64 78 95 124 171 176 132 74 60 63 66 65 56 48 46 50 56 56 57 59 60 60 60 59 57 55 54 55 54 54 54 53 51 48 46 46 45 42 40 40 39 38 37 36 34 33 32 28 26 24 23 21 20 
26 25 23 22 20 16 15 14 14 14 14 15 15 22 48 62 55 51 51 55 62 73 106 136 159 173 153 107 69 61 64 77 100 76 56 51 53 58 59 58 59 59 60 59 57 55 54 53 54 53 53 54 53 50 47 46 45 43 41 39 38 38 37 35 34 33 31 29 27 25 22 21 20 18 
26 25 23 20 17 15 14 14 14 14 14 15 15 24 55 74 69 56 51 58 75 90 135 168 174 150 107 80 64 64 74 131 165 99 63 56 56 59 59 59 58 58 58 57 56 55 54 53 53 53 52 52 51 48 46 45 44 42 40 38 37 37 35 33 32 30 28 27 26 23 20 18 17 15 
26 25 22 18 16 14 14 14 14 14 15 16 16 22 44 67 68 60 57 68 80 99 150 173 158 103 70 65 63 67 110 197 168 80 59 57 58 59 59 59 59 58 57 56 55 55 54 53 53 53 51 49 48 47 46 45 44 42 40 38 36 35 33 30 26 23 22 22 21 20 17 15 14 14 
27 24 20 16 15 15 15 14 14 15 16 17 19 30 48 60 64 66 72 80 89 123 157 157 113 71 62 62 64 87 175 203 110 50 42 48 54 57 58 58 57 56 55 54 54 53 53 53 53 52 50 47 46 45 44 42 41 39 37 35 33 31 28 25 21 18 18 18 18 17 16 14 14 14 
24 21 17 15 15 15 15 15 15 16 17 19 27 44 56 60 64 78 89 93 114 138 146 112 71 59 60 62 74 146 212 146 60 29 23 30 38 44 48 49 47 48 48 48 48 48 49 49 49 48 47 43 42 40 38 36 34 33 30 27 25 25 23 21 20 19 19 19 18 18 17 16 15 16 
19 18 16 15 15 15 15 16 16 16 18 25 42 55 60 61 69 86 88 96 120 140 130 78 56 54 59 66 117 206 181 84 38 18 14 16 19 23 26 26 26 27 29 31 33 34 37 37 37 39 38 36 35 32 30 28 25 23 21 18 17 17 17 18 19 19 18 18 17 17 17 19 19 19 
18 17 16 16 15 15 16 16 16 18 24 37 53 59 62 68 82 85 72 80 114 139 118 70 52 52 59 92 185 206 113 49 24 14 12 12 12 12 12 12 12 12 13 15 18 19 19 20 21 22 22 22 21 20 18 17 15 14 13 12 11 12 14 17 20 20 19 19 18 18 18 20 21 20 
20 19 17 17 16 16 17 17 18 22 35 51 59 62 71 83 89 73 61 67 95 110 92 61 51 51 69 149 214 147 62 30 16 13 12 12 11 11 11 10 10 9 10 12 13 12 11 12 12 13 13 12 11 11 12 11 10 10 10 9 10 12 15 18 21 22 21 21 22 22 20 21 22 20 
26 24 21 19 17 17 18 18 21 32 49 59 62 71 91 96 79 63 59 61 70 74 68 57 51 56 109 195 175 82 39 21 14 13 13 12 12 11 11 10 10 10 10 12 12 11 11 11 11 11 10 10 10 10 10 10 9 9 9 9 11 13 17 20 22 22 22 23 24 24 23 24 23 21 
32 31 28 24 21 21 20 21 30 47 59 62 65 81 99 86 67 61 60 61 63 65 63 59 57 88 165 181 105 48 26 16 14 13 13 12 12 11 11 11 11 11 10 10 11 11 11 11 10 10 9 10 10 10 10 10 10 9 9 10 11 14 18 22 24 23 22 24 26 25 25 26 25 24 
36 37 37 34 31 29 27 31 46 60 63 64 67 77 84 71 64 63 61 61 63 64 65 64 80 152 177 117 58 32 18 15 13 13 12 12 12 12 12 11 11 11 11 11 11 11 11 11 11 11 10 11 11 11 11 11 10 10 10 11 12 15 20 23 25 25 24 25 26 26 26 27 26 24 
38 41 45 47 47 47 46 55 67 69 68 68 69 71 70 66 65 64 63 62 63 65 68 76 139 203 145 67 38 22 15 14 13 13 12 12 12 12 12 11 11 11 11 11 11 11 11 11 11 11 11 11 11 11 11 11 11 12 12 11 12 15 21 24 26 27 26 27 28 27 27 27 26 24 
38 42 50 58 65 71 84 115 113 87 75 72 71 70 66 65 65 65 64 64 65 69 75 117 207 198 97 46 27 17 14 13 12 12 12 12 12 11 11 11 11 11 11 11 11 11 11 11 11 11 11 11 11 11 10 11 12 12 12 12 12 15 22 26 28 31 30 30 30 29 29 29 27 25 
38 43 55 67 79 98 145 192 182 137 96 79 74 70 66 65 66 66 66 66 69 74 100 186 225 144 61 34 20 15 14 13 13 12 12 12 11 11 11 11 11 11 11 11 11 11 11 11 11 11 11 11 11 11 11 11 12 12 12 12 14 18 23 26 29 32 31 30 31 30 30 29 29 27 
39 47 62 76 95 141 209 239 226 196 149 104 80 71 67 66 67 66 67 69 73 88 162 229 185 87 41 23 16 14 14 14 13 12 13 12 11 11 11 11 11 11 11 11 11 11 11 11 11 11 11 11 11 11 11 11 12 12 12 12 16 22 25 27 30 32 31 30 30 30 30 29 29 29 
42 51 68 87 127 198 243 250 247 236 208 161 110 81 73 70 68 67 67 71 80 135 221 213 121 56 28 16 14 13 13 14 13 12 12 12 11 11 11 11 11 11 11 11 11 11 12 11 12 11 11 11 11 12 12 12 12 12 12 13 17 23 25 28 30 31 30 29 30 31 30 30 30 30 
43 54 77 116 182 237 251 251 251 249 240 215 170 118 85 75 71 68 69 75 112 202 228 153 74 39 20 14 13 12 13 14 13 12 12 12 12 12 12 11 11 11 11 11 11 11 12 12 12 11 11 11 12 12 12 12 12 12 12 14 18 24 26 28 30 31 30 29 29 30 30 30 29 29 
41 58 100 170 230 249 251 251 251 251 249 242 221 178 124 88 74 70 74 93 176 234 181 93 51 26 16 13 12 12 12 13 13 13 13 12 12 12 12 11 12 12 12 12 12 12 12 12 12 12 12 12 12 12 12 13 13 13 13 14 20 25 26 28 30 31 31 30 28 28 30 30 29 30 
40 61 121 203 244 249 249 249 249 249 249 247 238 211 162 108 77 72 76 118 214 227 138 68 40 21 15 13 12 12 12 13 13 13 13 12 12 12 12 12 12 12 12 12 12 12 12 12 12 12 13 13 13 13 13 13 13 13 13 15 21 25 26 28 31 31 30 29 26 26 29 30 30 31 
